-0.0500000000000000028	0.0172623647186651331	0.0121415777468374675
-0.0495000000000000023	0.0172625964295803624	0.0121526813224128831
-0.0490000000000000019	0.0172642103468504428	0.0121859488390048364
-0.0485000000000000014	0.0172685641624567912	0.0122412522624735596
-0.048000000000000001	0.0172769842318579482	0.0123183817568624874
-0.0475000000000000006	0.017290760797503843	0.0124170490111052603
-0.0470000000000000001	0.0173111435242225137	0.0125368907998660642
-0.0464999999999999997	0.017339337354565075	0.0126774727519903315
-0.0459999999999999992	0.0173764986901843478	0.0128382933002097188
-0.0454999999999999988	0.0174237319033857842	0.0130187877860470178
-0.0449999999999999983	0.017482086181130771	0.0132183326942935785
-0.0444999999999999979	0.0175525527020009287	0.0134362499919741044
-0.0439999999999999974	0.0176360621449506462	0.0136718115473623419
-0.043499999999999997	0.0177334825270898527	0.013924243605354731
-0.0429999999999999966	0.0178456173662532788	0.0141927312963401227
-0.0424999999999999961	0.0179732041627279522	0.0144764231566095435
-0.0419999999999999957	0.018116913193230836	0.0147744356393241759
-0.0414999999999999952	0.0182773466090533736	0.0150858575960902061
-0.0409999999999999948	0.018455037829220592	0.0154097547102686576
-0.0404999999999999943	0.0186504512185485805	0.0157451738642670862
-0.0399999999999999939	0.0188639820396252558	0.0160911474242095183
-0.0394999999999999934	0.0190959566669837155	0.0164466974265539412
-0.038999999999999993	0.0193466330510837989	0.0168108396524136831
-0.0384999999999999926	0.0196162014191622255	0.0171825875765346976
-0.0379999999999999921	0.0199047851995540065	0.017560956179076475
-0.0374999999999999917	0.0202124421557222309	0.017944965609534614
-0.0369999999999999912	0.0205391657159584469	0.0183336446933213479
-0.0364999999999999908	0.0208848864845265804	0.0187260342726814147
-0.0359999999999999903	0.0212494739199158844	0.0191211903747590742
-0.0354999999999999899	0.0216327381658389419	0.0195181872007432165
-0.0349999999999999895	0.0220344320206543459	0.0199161199310975492
-0.034499999999999989	0.0224542530310062188	0.0203141073429273476
-0.0339999999999999886	0.0228918456956487409	0.0207112942365405908
-0.0334999999999999881	0.0233468037656603782	0.0211068536692261
-0.0329999999999999877	0.0238186726275420452	0.0214999889951924573
-0.0324999999999999872	0.0243069517560345304	0.0218899357114865113
-0.0319999999999999868	0.0248110972238753634	0.0222759631105383347
-0.0314999999999999863	0.0253305242561416809	0.0226573757407580005
-0.0309999999999999859	0.0258646098172871548	0.0230335146773391793
-0.0304999999999999855	0.0264126952194749659	0.023403758606103095
-0.029999999999999985	0.0269740887413286411	0.0237675247238451869
-0.0294999999999999846	0.0275480682467664495	0.0241242694592241208
-0.0289999999999999841	0.0281338837941468752	0.0244734890187608169
-0.0284999999999999837	0.0287307602265299	0.0248147197629927825
-0.0279999999999999832	0.0293378997344469553	0.0251475384182582549
-0.0274999999999999828	0.0299544843831682263	0.0254715621299654894
-0.0269999999999999823	0.0305796785970559558	0.025786448363537353
-0.0264999999999999819	0.0312126315941934733	0.0260918946595102008
-0.0259999999999999815	0.0318524797650790101	0.0263876382495114477
-0.025499999999999981	0.03249834898976732	0.0266734555400436543
-0.0249999999999999806	0.0331493568884298206	0.0269491614711654323
-0.0244999999999999801	0.0338046150008811871	0.0272146087572841325
-0.0239999999999999797	0.0344632308911859558	0.0274696870173630411
-0.0234999999999999792	0.0351243101740108254	0.0277143218018989848
-0.0229999999999999788	0.035786958459924155	0.0279484735240471752
-0.0224999999999999784	0.0364502832173640781	0.0281721363022605156
-0.0219999999999999779	0.0371133955494960394	0.0283853367217726076
-0.0214999999999999775	0.0377754118846621925	0.0285881325221900538
-0.020999999999999977	0.0384354555795844363	0.0287806112183708884
-0.0204999999999999766	0.0390926584349207754	0.0289628886616567771
-0.0199999999999999761	0.0397461621231902582	0.0291351075483957181
-0.0194999999999999757	0.0403951195294742493	0.0292974358825449227
-0.0189999999999999752	0.0410386960056699848	0.029450065398979073
-0.0184999999999999748	0.0416760705394177283	0.0295932099539518434
-0.0179999999999999744	0.0423064368391432993	0.0297271038889681087
-0.0174999999999999739	0.042929004336954367	0.0298520003741243739
-0.0169999999999999735	0.0435429991114010748	0.029968169736765686
-0.016499999999999973	0.0441476647323605989	0.0300758977810911612
-0.0159999999999999726	0.0447422630305288754	0.0301754841041191324
-0.0154999999999999721	0.0453260747942046266	0.0302672404131972515
-0.0149999999999999717	0.0458984003962285211	0.030351488850014572
-0.0144999999999999712	0.0464585603540953809	0.0304285603258438453
-0.0139999999999999708	0.0470058958263907256	0.0304987928725121531
-0.0134999999999999704	0.0475397690488144689	0.0305625300133699034
-0.0129999999999999699	0.0480595637131450426	0.0306201191583016299
-0.0124999999999999695	0.0485646852925671127	0.030671910026598654
-0.011999999999999969	0.0490545613168370739	0.0307182531012936723
-0.0114999999999999686	0.0495286416007916647	0.0307594981183427485
-0.0109999999999999681	0.0499863984297179362	0.0307959925938296811
-0.0104999999999999677	0.0504273267050996121	0.0308280803921638681
-0.00999999999999996725	0.050850944054232794	0.0308561003380450651
-0.0094999999999999668	0.0512567909071673794	0.0308803848747767999
-0.00899999999999996636	0.0516444305443790122	0.0309012587713266319
-0.00849999999999996592	0.0520134491185088102	0.0309190378803539077
-0.00799999999999996547	0.052363455653428391	0.0309340279492566969
-0.00749999999999996503	0.0526940820237951843	0.0309465234861273433
-0.00699999999999996458	0.0530049829181563903	0.0309568066823516924
-0.00649999999999996414	0.0532958357885451317	0.030965146393440543
-0.0059999999999999637	0.0535663407893835139	0.0309717971795417692
-0.00549999999999996325	0.0538162207083716718	0.0309769984069502777
-0.00499999999999996281	0.0540452208918945007	0.0309809734118072153
-0.00449999999999996236	0.0542531091673240165	0.0309839287270619289
-0.00399999999999996192	0.0544396757644323159	0.0309860533736584787
-0.00349999999999996148	0.0546047332379607786	0.03098751821680263
-0.00299999999999996103	0.0547481163932154041	0.0309884753880658378
-0.00249999999999996059	0.0548696822163761422	0.0309890577739877077
-0.00199999999999996014	0.0549693098110220213	0.0309893785717492501
-0.0014999999999999597	0.0550469003421816538	0.0309895309124035637
-0.000999999999999959255	0.0551023769890246137	0.0309895875520691463
-0.000499999999999958811	0.0551356849071100649	0.0309896006314130841
4.16333634234433703e-17	0.0551467912009086583	0.0309896015036754471
0.000500000000000042077	0.055135684907110058	0.0309896006314130737
0.00100000000000004252	0.0551023769890245929	0.0309895875520691463
0.00150000000000004297	0.0550469003421816469	0.0309895309124035637
0.00200000000000004341	0.0549693098110220144	0.0309893785717492536
0.00250000000000004385	0.0548696822163761214	0.0309890577739877077
0.0030000000000000443	0.0547481163932153764	0.0309884753880658309
0.00350000000000004474	0.0546047332379607578	0.0309875182168026266
0.00400000000000004519	0.0544396757644322882	0.0309860533736584787
0.00450000000000004563	0.0542531091673239887	0.0309839287270619358
0.00500000000000004607	0.0540452208918944799	0.0309809734118072153
0.00550000000000004652	0.0538162207083716371	0.0309769984069502777
0.00600000000000004696	0.0535663407893834861	0.0309717971795417657
0.00650000000000004741	0.0532958357885450901	0.0309651463934405395
0.00700000000000004785	0.0530049829181563556	0.0309568066823516959
0.00750000000000004829	0.0526940820237951288	0.0309465234861273364
0.00800000000000004874	0.0523634556534283355	0.0309340279492566969
0.00850000000000004918	0.0520134491185087547	0.0309190378803539008
0.00900000000000004963	0.0516444305443789775	0.030901258771326625
0.00950000000000005007	0.0512567909071673031	0.0308803848747767895
0.0100000000000000505	0.0508509440542327246	0.0308561003380450616
0.010500000000000051	0.0504273267050995705	0.0308280803921638646
0.0110000000000000514	0.0499863984297178668	0.0307959925938296776
0.0115000000000000518	0.0495286416007915883	0.0307594981183427381
0.0120000000000000523	0.0490545613168370115	0.0307182531012936653
0.0125000000000000527	0.0485646852925670364	0.0306719100265986436
0.0130000000000000532	0.0480595637131449663	0.0306201191583016265
0.0135000000000000536	0.0475397690488143995	0.0305625300133698895
0.0140000000000000541	0.0470058958263906285	0.0304987928725121427
0.0145000000000000545	0.0464585603540953046	0.0304285603258438349
0.015000000000000055	0.0458984003962284448	0.0303514888500145512
0.0155000000000000554	0.0453260747942045433	0.0302672404131972377
0.0160000000000000558	0.0447422630305287783	0.0301754841041191185
0.0165000000000000563	0.0441476647323605226	0.0300758977810911404
0.0170000000000000567	0.0435429991114009915	0.0299681697367656721
0.0175000000000000572	0.0429290043369542768	0.0298520003741243635
0.0180000000000000576	0.0423064368391432161	0.0297271038889680914
0.0185000000000000581	0.0416760705394176312	0.0295932099539518191
0.0190000000000000585	0.0410386960056698877	0.0294500653989790522
0.019500000000000059	0.0403951195294741591	0.0292974358825448984
0.0200000000000000594	0.039746162123190161	0.0291351075483956938
0.0205000000000000598	0.0390926584349206713	0.0289628886616567424
0.0210000000000000603	0.0384354555795843392	0.0287806112183708572
0.0215000000000000607	0.0377754118846620954	0.0285881325221900122
0.0220000000000000612	0.0371133955494959353	0.0283853367217725729
0.0225000000000000616	0.036450283217363981	0.028172136302260474
0.0230000000000000621	0.0357869584599240578	0.0279484735240471439
0.0235000000000000625	0.0351243101740107214	0.0277143218018989432
0.0240000000000000629	0.0344632308911858656	0.0274696870173630064
0.0245000000000000634	0.0338046150008810831	0.0272146087572840908
0.0250000000000000638	0.0331493568884297166	0.0269491614711653907
0.0255000000000000643	0.032498348989767209	0.0266734555400436127
0.0260000000000000647	0.0318524797650789199	0.0263876382495113956
0.0265000000000000652	0.0312126315941933796	0.0260918946595101488
0.0270000000000000656	0.0305796785970558552	0.0257864483635373079
0.0275000000000000661	0.0299544843831681395	0.0254715621299654374
0.0280000000000000665	0.0293378997344468581	0.0251475384182582029
0.0285000000000000669	0.0287307602265298064	0.0248147197629927339
0.0290000000000000674	0.0281338837941467849	0.0244734890187607614
0.0295000000000000678	0.0275480682467663662	0.0241242694592240722
0.0300000000000000683	0.0269740887413285543	0.0237675247238451383
0.0305000000000000687	0.0264126952194748826	0.023403758606103043
0.0310000000000000692	0.0258646098172870716	0.0230335146773391237
0.0315000000000000696	0.025330524256141608	0.0226573757407579519
0.0320000000000000701	0.0248110972238752871	0.0222759631105382792
0.0325000000000000705	0.0243069517560344506	0.0218899357114864558
0.0330000000000000709	0.0238186726275419758	0.0214999889951924053
0.0335000000000000714	0.0233468037656603018	0.0211068536692260479
0.0340000000000000718	0.0228918456956486785	0.0207112942365405353
0.0345000000000000723	0.0224542530310061494	0.0203141073429272886
0.0350000000000000727	0.0220344320206542869	0.0199161199310974903
0.0355000000000000732	0.0216327381658388759	0.019518187200743161
0.0360000000000000736	0.0212494739199158254	0.0191211903747590221
0.0365000000000000741	0.0208848864845265214	0.0187260342726813592
0.0370000000000000745	0.0205391657159583914	0.0183336446933212889
0.0375000000000000749	0.0202124421557221788	0.0179449656095345585
0.0380000000000000754	0.0199047851995539545	0.0175609561790764264
0.0385000000000000758	0.01961620141916217	0.0171825875765346421
0.0390000000000000763	0.0193466330510837503	0.0168108396524136276
0.0395000000000000767	0.0190959566669836739	0.0164466974265538926
0.0400000000000000772	0.0188639820396252107	0.0160911474242094697
0.0405000000000000776	0.0186504512185485527	0.0157451738642670376
0.041000000000000078	0.0184550378292205504	0.0154097547102686108
0.0415000000000000785	0.0182773466090533389	0.015085857596090161
0.0420000000000000789	0.0181169131932308047	0.0147744356393241343
0.0425000000000000794	0.0179732041627279279	0.0144764231566094966
0.0430000000000000798	0.0178456173662532649	0.0141927312963400828
0.0435000000000000803	0.0177334825270898354	0.013924243605354698
0.0440000000000000807	0.0176360621449506288	0.0136718115473623003
0.0445000000000000812	0.0175525527020009113	0.0134362499919740783
0.0450000000000000816	0.0174820861811307501	0.0132183326942935421
0.045500000000000082	0.0174237319033857703	0.0130187877860470005
0.0460000000000000825	0.0173764986901843374	0.0128382933002096893
0.0465000000000000829	0.0173393373545650542	0.0126774727519903142
0.0470000000000000834	0.0173111435242224998	0.0125368907998660486
0.0475000000000000838	0.0172907607975038291	0.0124170490111052446
0.0480000000000000843	0.0172769842318579413	0.0123183817568624735
0.0485000000000000847	0.0172685641624567808	0.0122412522624735474
0.0490000000000000852	0.0172642103468504254	0.0121859488390048277
0.0495000000000000856	0.017262596429580359	0.0121526813224128814
