-0.05 -0.05 0.71555006 -6.445896e-05 -0.0058760116 0.71557419
-0.05 -0.045 0.71554778 -6.4224447e-05 -0.0059627846 0.71557263
-0.05 -0.04 0.71554563 -6.4418053e-05 -0.0060510555 0.71557122
-0.05 -0.035 0.71554364 -6.4993131e-05 -0.0061408525 0.71557
-0.05 -0.03 0.71554185 -6.5903295e-05 -0.0062322045 0.715569
-0.05 -0.025 0.71554029 -6.7102382e-05 -0.0063251409 0.71556825
-0.05 -0.02 0.71553898 -6.8544425e-05 -0.0064196918 0.71556778
-0.05 -0.015 0.71553793 -7.0183621e-05 -0.0065158876 0.7155676
-0.05 -0.01 0.71553718 -7.1974297e-05 -0.0066137596 0.71556775
-0.05 -0.005 0.71553672 -7.387088e-05 -0.0067133394 0.71556822
-0.05 -5.2041704e-18 0.71553657 -7.5827865e-05 -0.0068146594 0.71556902
-0.05 0.005 0.71553672 -7.7799787e-05 -0.0069177525 0.71557016
-0.05 0.01 0.71553718 -7.9741183e-05 -0.0070226522 0.71557164
-0.05 0.015 0.71553793 -8.1606567e-05 -0.0071293928 0.71557346
-0.05 0.02 0.71553898 -8.3350394e-05 -0.007238009 0.71557559
-0.05 0.025 0.71554029 -8.4927032e-05 -0.0073485362 0.71557803
-0.05 0.03 0.71554185 -8.6290729e-05 -0.0074610106 0.71558076
-0.05 0.035 0.71554364 -8.739558e-05 -0.0075754689 0.71558375
-0.05 0.04 0.71554563 -8.8195499e-05 -0.0076919485 0.71558698
-0.05 0.045 0.71554778 -8.8644184e-05 -0.0078104876 0.71559041
-0.05 0.05 0.71555006 -8.8695087e-05 -0.0079311248 0.71559402

-0.045 -0.05 0.71554891 -6.6139834e-05 -0.0052910518 0.71556848
-0.045 -0.045 0.71554719 -6.5823506e-05 -0.0053691915 0.71556734
-0.045 -0.04 0.71554553 -6.5894561e-05 -0.0054486799 0.71556628
-0.045 -0.035 0.71554398 -6.6310926e-05 -0.0055295424 0.71556535
-0.045 -0.03 0.71554257 -6.7030764e-05 -0.005611805 0.71556458
-0.045 -0.025 0.71554133 -6.8012439e-05 -0.0056954943 0.715564
-0.045 -0.02 0.71554028 -6.9214492e-05 -0.0057806371 0.71556363
-0.045 -0.015 0.71553944 -7.0595612e-05 -0.005867261 0.7155635
-0.045 -0.01 0.71553883 -7.2114604e-05 -0.0059553941 0.71556361
-0.045 -0.005 0.71553846 -7.3730367e-05 -0.0060450649 0.715564
-0.045 -5.2041704e-18 0.71553833 -7.540186e-05 -0.0061363024 0.71556465
-0.045 0.005 0.71553846 -7.7088076e-05 -0.0062291363 0.71556557
-0.045 0.01 0.71553883 -7.8748015e-05 -0.0063235967 0.71556677
-0.045 0.015 0.71553944 -8.0340651e-05 -0.0064197145 0.71556824
-0.045 0.02 0.71554028 -8.1824911e-05 -0.0065175209 0.71556996
-0.045 0.025 0.71554133 -8.315964e-05 -0.0066170479 0.71557193
-0.045 0.03 0.71554257 -8.4303577e-05 -0.0067183278 0.71557412
-0.045 0.035 0.71554398 -8.5215323e-05 -0.0068213937 0.7155765
-0.045 0.04 0.71554553 -8.5853316e-05 -0.0069262794 0.71557906
-0.045 0.045 0.71554719 -8.61758e-05 -0.007033019 0.71558176
-0.045 0.05 0.71554891 -8.61408e-05 -0.0071416475 0.71558455

-0.04 -0.05 0.71554756 -6.7264009e-05 -0.0047052573 0.71556304
-0.04 -0.045 0.71554634 -6.6922438e-05 -0.0047747498 0.71556227
-0.04 -0.04 0.71554513 -6.6927207e-05 -0.0048454415 0.71556154
-0.04 -0.035 0.71554397 -6.7240853e-05 -0.0049173552 0.71556087
-0.04 -0.03 0.7155429 -6.782612e-05 -0.004990514 0.71556031
-0.04 -0.025 0.71554194 -6.8645934e-05 -0.0050649413 0.71555987
-0.04 -0.02 0.71554113 -6.9663378e-05 -0.0051406612 0.7155596
-0.04 -0.015 0.71554047 -7.0841667e-05 -0.0052176982 0.7155595
-0.04 -0.01 0.71553999 -7.2144121e-05 -0.005296077 0.71555959
-0.04 -0.005 0.7155397 -7.3534142e-05 -0.0053758232 0.7155599
-0.04 -5.2041704e-18 0.7155396 -7.4975188e-05 -0.0054569625 0.71556041
-0.04 0.005 0.7155397 -7.6430745e-05 -0.0055395214 0.71556114
-0.04 0.01 0.71553999 -7.7864308e-05 -0.0056235265 0.71556209
-0.04 0.015 0.71554047 -7.9239349e-05 -0.0057090052 0.71556325
-0.04 0.02 0.71554113 -8.0519298e-05 -0.0057959855 0.71556461
-0.04 0.025 0.71554194 -8.1667512e-05 -0.0058844954 0.71556614
-0.04 0.03 0.7155429 -8.2647255e-05 -0.0059745641 0.71556785
-0.04 0.035 0.71554397 -8.3421669e-05 -0.0060662207 0.71556969
-0.04 0.04 0.71554513 -8.3953751e-05 -0.0061594953 0.71557165
-0.04 0.045 0.71554634 -8.4206326e-05 -0.0062544183 0.71557368
-0.04 0.05 0.71554756 -8.4142022e-05 -0.0063510205 0.71557575

-0.035 -0.05 0.71554612 -6.789216e-05 -0.0041187206 0.71555798
-0.035 -0.045 0.71554534 -6.7575753e-05 -0.0041795534 0.71555755
-0.035 -0.04 0.71554452 -6.7564369e-05 -0.004241436 0.7155571
-0.035 -0.035 0.71554371 -6.7825185e-05 -0.0043043881 0.71555666
-0.035 -0.03 0.71554294 -6.8325559e-05 -0.0043684301 0.71555628
-0.035 -0.025 0.71554224 -6.9033008e-05 -0.0044335825 0.71555598
-0.035 -0.02 0.71554163 -6.9915189e-05 -0.0044998662 0.71555578
-0.035 -0.015 0.71554113 -7.0939873e-05 -0.0045673027 0.71555571
-0.035 -0.01 0.71554077 -7.2074925e-05 -0.0046359138 0.71555579
-0.035 -0.005 0.71554055 -7.3288281e-05 -0.0047057217 0.71555602
-0.035 -5.2041704e-18 0.71554047 -7.4547927e-05 -0.0047767489 0.71555642
-0.035 0.005 0.71554055 -7.5821874e-05 -0.0048490185 0.71555698
-0.035 0.01 0.71554077 -7.7078143e-05 -0.0049225541 0.71555771
-0.035 0.015 0.71554113 -7.8284732e-05 -0.0049973793 0.71555859
-0.035 0.02 0.71554163 -7.9409606e-05 -0.0050735188 0.71555962
-0.035 0.025 0.71554224 -8.0420665e-05 -0.0051509971 0.71556078
-0.035 0.03 0.71554294 -8.1285727e-05 -0.0052298395 0.71556206
-0.035 0.035 0.71554371 -8.1972507e-05 -0.0053100718 0.71556342
-0.035 0.04 0.71554452 -8.244859e-05 -0.0053917201 0.71556484
-0.035 0.045 0.71554534 -8.2681413e-05 -0.005474811 0.71556629
-0.035 0.05 0.71554612 -8.2638242e-05 -0.0055593716 0.71556772

-0.03 -0.05 0.71554468 -6.8085369e-05 -0.0035315341 0.7155534
-0.03 -0.045 0.71554428 -6.7838322e-05 -0.0035836965 0.71555326
-0.03 -0.04 0.71554381 -6.7854744e-05 -0.0036367589 0.71555306
-0.03 -0.035 0.7155433 -6.8106476e-05 -0.0036907385 0.71555282
-0.03 -0.03 0.71554279 -6.8565517e-05 -0.0037456524 0.7155526
-0.03 -0.025 0.71554231 -6.9204004e-05 -0.0038015183 0.71555241
-0.03 -0.02 0.71554188 -6.9994193e-05 -0.0038583543 0.71555228
-0.03 -0.015 0.71554152 -7.0908437e-05 -0.0039161787 0.71555224
-0.03 -0.01 0.71554126 -7.1919174e-05 -0.0039750101 0.7155523
-0.03 -0.005 0.71554109 -7.2998899e-05 -0.0040348676 0.71555247
-0.03 -5.2041704e-18 0.71554104 -7.4120155e-05 -0.0040957705 0.71555276
-0.03 0.005 0.71554109 -7.5255505e-05 -0.0041577386 0.71555318
-0.03 0.01 0.71554126 -7.6377518e-05 -0.0042207921 0.71555371
-0.03 0.015 0.71554152 -7.745875e-05 -0.0042849513 0.71555436
-0.03 0.02 0.71554188 -7.8471724e-05 -0.0043502371 0.71555511
-0.03 0.025 0.71554231 -7.9388912e-05 -0.0044166709 0.71555594
-0.03 0.03 0.71554279 -8.0182713e-05 -0.0044842741 0.71555685
-0.03 0.035 0.7155433 -8.0825439e-05 -0.0045530689 0.71555779
-0.03 0.04 0.71554381 -8.1289293e-05 -0.0046230775 0.71555875
-0.03 0.045 0.71554428 -8.1546349e-05 -0.004694323 0.71555969
-0.03 0.05 0.71554468 -8.1568536e-05 -0.0047668284 0.71556056

-0.025 -0.05 0.71554332 -6.7905072e-05 -0.0029437906 0.71554938
-0.025 -0.045 0.71554325 -6.776534e-05 -0.0029872733 0.71554949
-0.025 -0.04 0.71554307 -6.7847315e-05 -0.0030315062 0.71554949
-0.025 -0.035 0.71554281 -6.812753e-05 -0.0030765035 0.71554943
-0.025 -0.03 0.71554252 -6.8582646e-05 -0.0031222797 0.71554934
-0.025 -0.025 0.71554223 -6.9189443e-05 -0.0031688495 0.71554925
-0.025 -0.02 0.71554195 -6.9924797e-05 -0.0032162278 0.71554918
-0.025 -0.015 0.71554172 -7.0765671e-05 -0.00326443 0.71554917
-0.025 -0.01 0.71554154 -7.1689094e-05 -0.0033134715 0.71554921
-0.025 -0.005 0.71554142 -7.2672147e-05 -0.0033633683 0.71554933
-0.025 -5.2041704e-18 0.71554138 -7.3691949e-05 -0.0034141365 0.71554953
-0.025 0.005 0.71554142 -7.4725638e-05 -0.0034657926 0.71554982
-0.025 0.01 0.71554154 -7.5750359e-05 -0.0035183532 0.71555019
-0.025 0.015 0.71554172 -7.6743243e-05 -0.0035718355 0.71555063
-0.025 0.02 0.71554195 -7.7681398e-05 -0.0036262569 0.71555114
-0.025 0.025 0.71554223 -7.8541887e-05 -0.003681635 0.7155517
-0.025 0.03 0.71554252 -7.9301716e-05 -0.0037379878 0.71555229
-0.025 0.035 0.71554281 -7.9937816e-05 -0.0037953338 0.71555288
-0.025 0.04 0.71554307 -8.0427031e-05 -0.0038536915 0.71555345
-0.025 0.045 0.71554325 -8.0746096e-05 -0.00391308 0.71555396
-0.025 0.05 0.71554332 -8.0871627e-05 -0.0039735187 0.71555436

-0.02 -0.05 0.71554212 -6.741301e-05 -0.0023555828 0.715546
-0.02 -0.045 0.71554231 -6.7412271e-05 -0.002390378 0.71554631
-0.02 -0.04 0.71554237 -6.7591308e-05 -0.0024257735 0.71554648
-0.02 -0.035 0.71554232 -6.7931362e-05 -0.0024617808 0.71554656
-0.02 -0.03 0.71554221 -6.8413778e-05 -0.0024984112 0.71554658
-0.02 -0.025 0.71554207 -6.9019994e-05 -0.0025356766 0.71554657
-0.02 -0.02 0.71554192 -6.9731532e-05 -0.002573589 0.71554655
-0.02 -0.015 0.71554178 -7.0529977e-05 -0.0026121605 0.71554655
-0.02 -0.01 0.71554167 -7.1396972e-05 -0.0026514038 0.71554659
-0.02 -0.005 0.7155416 -7.2314203e-05 -0.0026913313 0.71554666
-0.02 -5.2041704e-18 0.71554157 -7.3263384e-05 -0.0027319561 0.71554679
-0.02 0.005 0.7155416 -7.4226247e-05 -0.0027732912 0.71554698
-0.02 0.01 0.71554167 -7.518453e-05 -0.0028153502 0.71554721
-0.02 0.015 0.71554178 -7.6119961e-05 -0.0028581466 0.71554749
-0.02 0.02 0.71554192 -7.701425e-05 -0.0029016944 0.71554781
-0.02 0.025 0.71554207 -7.7849072e-05 -0.0029460077 0.71554814
-0.02 0.03 0.71554221 -7.8606057e-05 -0.0029911009 0.71554847
-0.02 0.035 0.71554232 -7.9266777e-05 -0.0030369886 0.71554877
-0.02 0.04 0.71554237 -7.9812733e-05 -0.0030836859 0.71554902
-0.02 0.045 0.71554231 -8.0225342e-05 -0.0031312079 0.71554917
-0.02 0.05 0.71554212 -8.0485926e-05 -0.0031795701 0.71554919

-0.015 -0.05 0.71554112 -6.6671179e-05 -0.0017670034 0.71554331
-0.015 -0.045 0.71554152 -6.6834811e-05 -0.001793105 0.71554377
-0.015 -0.04 0.71554176 -6.7136151e-05 -0.0018196569 0.71554408
-0.015 -0.035 0.71554188 -6.7561164e-05 -0.0018466677 0.71554427
-0.015 -0.03 0.71554191 -6.8095894e-05 -0.0018741459 0.71554437
-0.015 -0.025 0.71554189 -6.8726456e-05 -0.0019021004 0.71554442
-0.015 -0.02 0.71554184 -6.9439026e-05 -0.0019305402 0.71554444
-0.015 -0.015 0.71554177 -7.0219832e-05 -0.0019594745 0.71554446
-0.015 -0.01 0.71554172 -7.1055147e-05 -0.0019889126 0.71554448
-0.015 -0.005 0.71554168 -7.1931272e-05 -0.002018864 0.71554453
-0.015 -5.2041704e-18 0.71554166 -7.2834535e-05 -0.0020493384 0.7155446
-0.015 0.005 0.71554168 -7.3751276e-05 -0.0020803457 0.71554471
-0.015 0.01 0.71554172 -7.4667843e-05 -0.0021118958 0.71554484
-0.015 0.015 0.71554177 -7.5570575e-05 -0.0021439992 0.71554499
-0.015 0.02 0.71554184 -7.6445799e-05 -0.0021766661 0.71554515
-0.015 0.025 0.71554189 -7.7279818e-05 -0.0022099072 0.71554531
-0.015 0.03 0.71554191 -7.8058902e-05 -0.0022437332 0.71554544
-0.015 0.035 0.71554188 -7.8769278e-05 -0.0022781553 0.71554551
-0.015 0.04 0.71554176 -7.9397121e-05 -0.0023131846 0.71554551
-0.015 0.045 0.71554152 -7.9928544e-05 -0.0023488324 0.71554538
-0.015 0.05 0.71554112 -8.0349591e-05 -0.0023851105 0.7155451

-0.01 -0.05 0.71554038 -6.5741777e-05 -0.0011781454 0.71554136
-0.01 -0.045 0.71554093 -6.6088836e-05 -0.0011955487 0.71554193
-0.01 -0.04 0.7155413 -6.6531434e-05 -0.0012132523 0.71554233
-0.01 -0.035 0.71554154 -6.7060271e-05 -0.0012312618 0.7155426
-0.01 -0.03 0.71554167 -6.76661e-05 -0.001249583 0.71554276
-0.01 -0.025 0.71554173 -6.8339724e-05 -0.0012682217 0.71554286
-0.01 -0.02 0.71554175 -6.9071988e-05 -0.0012871841 0.71554291
-0.01 -0.015 0.71554174 -6.9853774e-05 -0.001306476 0.71554293
-0.01 -0.01 0.71554172 -7.0675992e-05 -0.0013261039 0.71554295
-0.01 -0.005 0.7155417 -7.1529575e-05 -0.001346074 0.71554297
-0.01 -5.2041704e-18 0.7155417 -7.2405473e-05 -0.0013663928 0.71554301
-0.01 0.005 0.7155417 -7.3294649e-05 -0.0013870669 0.71554305
-0.01 0.01 0.71554172 -7.4188068e-05 -0.0014081029 0.71554311
-0.01 0.015 0.71554174 -7.5076694e-05 -0.0014295078 0.71554317
-0.01 0.02 0.71554175 -7.5951483e-05 -0.0014512883 0.71554322
-0.01 0.025 0.71554173 -7.6803376e-05 -0.0014734517 0.71554325
-0.01 0.03 0.71554167 -7.7623295e-05 -0.0014960051 0.71554324
-0.01 0.035 0.71554154 -7.8402134e-05 -0.0015189559 0.71554315
-0.01 0.04 0.7155413 -7.9130753e-05 -0.0015423115 0.71554297
-0.01 0.045 0.71554093 -7.9799974e-05 -0.0015660795 0.71554265
-0.01 0.05 0.71554038 -8.0400572e-05 -0.0015902676 0.71554215

-0.005 -0.05 0.71553992 -6.4687153e-05 -0.0005891015 0.71554017
-0.005 -0.045 0.71554056 -6.5230361e-05 -0.00059780351 0.71554081
-0.005 -0.04 0.71554101 -6.5826869e-05 -0.00060665564 0.71554127
-0.005 -0.035 0.71554132 -6.6472121e-05 -0.00061566073 0.71554158
-0.005 -0.03 0.71554151 -6.7161589e-05 -0.00062482166 0.71554179
-0.005 -0.025 0.71554162 -6.7890771e-05 -0.00063414137 0.71554191
-0.005 -0.02 0.71554168 -6.865519e-05 -0.00064362287 0.71554197
-0.005 -0.015 0.7155417 -6.9450384e-05 -0.0006532692 0.71554201
-0.005 -0.01 0.71554171 -7.0271914e-05 -0.00066308347 0.71554202
-0.005 -0.005 0.71554171 -7.1115349e-05 -0.00067306886 0.71554203
-0.005 -5.2041704e-18 0.71554171 -7.1976272e-05 -0.0006832286 0.71554204
-0.005 0.005 0.71554171 -7.2850273e-05 -0.00069356597 0.71554205
-0.005 0.01 0.71554171 -7.3732944e-05 -0.00070408432 0.71554206
-0.005 0.015 0.7155417 -7.461988e-05 -0.00071478707 0.71554206
-0.005 0.02 0.71554168 -7.5506675e-05 -0.00072567768 0.71554205
-0.005 0.025 0.71554162 -7.6388917e-05 -0.0007367597 0.71554201
-0.005 0.03 0.71554151 -7.7262186e-05 -0.00074803672 0.71554191
-0.005 0.035 0.71554132 -7.8122049e-05 -0.00075951241 0.71554172
-0.005 0.04 0.71554101 -7.8964062e-05 -0.0007711905 0.71554143
-0.005 0.045 0.71554056 -7.9783763e-05 -0.0007830748 0.71554099
-0.005 0.05 0.71553992 -8.0576667e-05 -0.00079516916 0.71554037

-5.2041704e-18 -0.05 0.71553977 -6.3569761e-05 3.5287242e-08 0.71553977
-5.2041704e-18 -0.045 0.71554044 -6.4315489e-05 3.6158999e-08 0.71554044
-5.2041704e-18 -0.04 0.71554091 -6.5072247e-05 3.7050478e-08 0.71554092
-5.2041704e-18 -0.035 0.71554124 -6.5840225e-05 3.7962139e-08 0.71554124
-5.2041704e-18 -0.03 0.71554146 -6.6619617e-05 3.8894453e-08 0.71554146
-5.2041704e-18 -0.025 0.71554158 -6.7410621e-05 3.98479e-08 0.71554159
-5.2041704e-18 -0.02 0.71554166 -6.8213438e-05 4.0822974e-08 0.71554166
-5.2041704e-18 -0.015 0.71554169 -6.9028274e-05 4.1820179e-08 0.71554169
-5.2041704e-18 -0.01 0.7155417 -6.9855337e-05 4.2840034e-08 0.71554171
-5.2041704e-18 -0.005 0.71554171 -7.069484e-05 4.3883066e-08 0.71554171
-5.2041704e-18 -5.2041704e-18 0.71554171 -7.1547002e-05 4.4949818e-08 0.71554171
-5.2041704e-18 0.005 0.71554171 -7.2412042e-05 4.6040844e-08 0.71554171
-5.2041704e-18 0.01 0.7155417 -7.3290186e-05 4.7156711e-08 0.71554171
-5.2041704e-18 0.015 0.71554169 -7.4181664e-05 4.8298001e-08 0.71554169
-5.2041704e-18 0.02 0.71554166 -7.5086709e-05 4.9465308e-08 0.71554166
-5.2041704e-18 0.025 0.71554158 -7.6005561e-05 5.0659241e-08 0.71554159
-5.2041704e-18 0.03 0.71554146 -7.6938461e-05 5.1880423e-08 0.71554146
-5.2041704e-18 0.035 0.71554124 -7.7885657e-05 5.3129491e-08 0.71554125
-5.2041704e-18 0.04 0.71554091 -7.8847402e-05 5.4407099e-08 0.71554092
-5.2041704e-18 0.045 0.71554044 -7.9823951e-05 5.5713913e-08 0.71554044
-5.2041704e-18 0.05 0.71553977 -8.0815566e-05 5.7050618e-08 0.71553977

0.005 -0.05 0.71553992 -6.2452101e-05 0.00058917207 0.71554017
0.005 -0.045 0.71554056 -6.3400371e-05 0.00059787583 0.71554081
0.005 -0.04 0.71554101 -6.43174e-05 0.00060672974 0.71554127
0.005 -0.035 0.71554132 -6.5208127e-05 0.00061573665 0.71554158
0.005 -0.03 0.71554151 -6.6077468e-05 0.00062489945 0.71554179
0.005 -0.025 0.71554162 -6.6930319e-05 0.00063422107 0.71554191
0.005 -0.02 0.71554168 -6.7771563e-05 0.00064370451 0.71554197
0.005 -0.015 0.7155417 -6.8606067e-05 0.00065335284 0.71554201
0.005 -0.01 0.71554171 -6.9438694e-05 0.00066316915 0.71554202
0.005 -0.005 0.71554171 -7.0274298e-05 0.00067315663 0.71554203
0.005 -5.2041704e-18 0.71554171 -7.1117731e-05 0.0006833185 0.71554204
0.005 0.005 0.71554171 -7.1973846e-05 0.00069365805 0.71554205
0.005 0.01 0.71554171 -7.2847501e-05 0.00070417864 0.71554206
0.005 0.015 0.7155417 -7.3743559e-05 0.00071488366 0.71554206
0.005 0.02 0.71554168 -7.4666895e-05 0.00072577661 0.71554205
0.005 0.025 0.71554162 -7.5622399e-05 0.00073686101 0.71554201
0.005 0.03 0.71554151 -7.6614977e-05 0.00074814048 0.71554191
0.005 0.035 0.71554132 -7.7649553e-05 0.00075961867 0.71554172
0.005 0.04 0.71554101 -7.8731078e-05 0.00077129932 0.71554143
0.005 0.045 0.71554056 -7.9864529e-05 0.00078318623 0.71554099
0.005 0.05 0.71553992 -8.1054911e-05 0.00079528326 0.71554037

0.01 -0.05 0.71554038 -6.1396676e-05 0.0011782159 0.71554136
0.01 -0.045 0.71554093 -6.2541155e-05 0.001195621 0.71554193
0.01 -0.04 0.7155413 -6.361216e-05 0.0012133264 0.71554233
0.01 -0.035 0.71554154 -6.4619372e-05 0.0012313377 0.7155426
0.01 -0.03 0.71554167 -6.5572425e-05 0.0012496608 0.71554276
0.01 -0.025 0.71554173 -6.6480912e-05 0.0012683014 0.71554286
0.01 -0.02 0.71554175 -6.735439e-05 0.0012872657 0.71554291
0.01 -0.015 0.71554174 -6.820239e-05 0.0013065597 0.71554293
0.01 -0.01 0.71554172 -6.9034419e-05 0.0013261896 0.71554295
0.01 -0.005 0.7155417 -6.9859971e-05 0.0013461618 0.71554297
0.01 -5.2041704e-18 0.7155417 -7.0688528e-05 0.0013664827 0.71554301
0.01 0.005 0.7155417 -7.1529574e-05 0.001387159 0.71554305
0.01 0.01 0.71554172 -7.2392591e-05 0.0014081973 0.71554311
0.01 0.015 0.71554174 -7.3287077e-05 0.0014296044 0.71554317
0.01 0.02 0.71554175 -7.4222543e-05 0.0014513873 0.71554322
0.01 0.025 0.71554173 -7.5208524e-05 0.0014735531 0.71554325
0.01 0.03 0.71554167 -7.6254587e-05 0.0014961089 0.71554324
0.01 0.035 0.71554154 -7.737033e-05 0.0015190622 0.71554315
0.01 0.04 0.7155413 -7.8565399e-05 0.0015424203 0.71554297
0.01 0.045 0.71554093 -7.9849486e-05 0.0015661909 0.71554265
0.01 0.05 0.71554038 -8.1232338e-05 0.0015903817 0.71554215

0.015 -0.05 0.71554112 -6.0465933e-05 0.001767074 0.71554331
0.015 -0.045 0.71554152 -6.1793943e-05 0.0017931773 0.71554377
0.015 -0.04 0.71554176 -6.3006315e-05 0.001819731 0.71554408
0.015 -0.035 0.71554188 -6.4117466e-05 0.0018467436 0.71554427
0.015 -0.03 0.71554191 -6.514174e-05 0.0018742237 0.71554437
0.015 -0.025 0.71554189 -6.6093418e-05 0.0019021801 0.71554442
0.015 -0.02 0.71554184 -6.6986726e-05 0.0019306219 0.71554444
0.015 -0.015 0.71554177 -6.7835848e-05 0.0019595582 0.71554446
0.015 -0.01 0.71554172 -6.8654932e-05 0.0019889983 0.71554448
0.015 -0.005 0.71554168 -6.94581e-05 0.0020189518 0.71554453
0.015 -5.2041704e-18 0.71554166 -7.0259461e-05 0.0020494283 0.7155446
0.015 0.005 0.71554168 -7.1073116e-05 0.0020804378 0.71554471
0.015 0.01 0.71554172 -7.1913171e-05 0.0021119902 0.71554484
0.015 0.015 0.71554177 -7.2793745e-05 0.0021440958 0.71554499
0.015 0.02 0.71554184 -7.372898e-05 0.002176765 0.71554515
0.015 0.025 0.71554189 -7.4733051e-05 0.0022100085 0.71554531
0.015 0.03 0.71554191 -7.5820173e-05 0.002243837 0.71554544
0.015 0.035 0.71554188 -7.7004617e-05 0.0022782616 0.71554551
0.015 0.04 0.71554176 -7.8300711e-05 0.0023132934 0.71554551
0.015 0.045 0.71554152 -7.9722856e-05 0.0023489439 0.71554538
0.015 0.05 0.71554112 -8.1285534e-05 0.0023852246 0.71554511

0.02 -0.05 0.71554212 -5.9722219e-05 0.0023556534 0.715546
0.02 -0.045 0.71554231 -6.1214745e-05 0.0023904503 0.71554631
0.02 -0.04 0.71554237 -6.2549573e-05 0.0024258476 0.71554648
0.02 -0.035 0.71554232 -6.3745844e-05 0.0024618567 0.71554656
0.02 -0.03 0.71554221 -6.4822602e-05 0.002498489 0.71554658
0.02 -0.025 0.71554207 -6.5798805e-05 0.0025357563 0.71554657
0.02 -0.02 0.71554192 -6.6693336e-05 0.0025736706 0.71554655
0.02 -0.015 0.71554178 -6.7525019e-05 0.0026122442 0.71554655
0.02 -0.01 0.71554167 -6.8312632e-05 0.0026514894 0.71554659
0.02 -0.005 0.7155416 -6.9074917e-05 0.0026914191 0.71554666
0.02 -5.2041704e-18 0.71554157 -6.9830593e-05 0.002732046 0.71554679
0.02 0.005 0.7155416 -7.0598373e-05 0.0027733833 0.71554698
0.02 0.01 0.71554167 -7.139697e-05 0.0028154445 0.71554721
0.02 0.015 0.71554178 -7.2245117e-05 0.0028582432 0.71554749
0.02 0.02 0.71554192 -7.3161574e-05 0.0029017933 0.71554781
0.02 0.025 0.71554207 -7.4165142e-05 0.002946109 0.71554814
0.02 0.03 0.71554221 -7.527468e-05 0.0029912046 0.71554847
0.02 0.035 0.71554232 -7.650911e-05 0.0030370949 0.71554877
0.02 0.04 0.71554237 -7.7887439e-05 0.0030837947 0.71554902
0.02 0.045 0.71554231 -7.9428763e-05 0.0031313194 0.71554917
0.02 0.05 0.71554212 -8.1152287e-05 0.0031796842 0.71554919

0.025 -0.05 0.71554332 -5.9227727e-05 0.0029438612 0.71554938
0.025 -0.045 0.71554325 -6.0859431e-05 0.0029873456 0.71554949
0.025 -0.04 0.71554307 -6.2291516e-05 0.0030315803 0.71554949
0.025 -0.035 0.71554281 -6.3547834e-05 0.0030765794 0.71554943
0.025 -0.03 0.71554252 -6.465211e-05 0.0031223575 0.71554934
0.025 -0.025 0.71554223 -6.5627963e-05 0.0031689292 0.71554925
0.025 -0.02 0.71554195 -6.649892e-05 0.0032163094 0.71554918
0.025 -0.015 0.71554172 -6.7288432e-05 0.0032645136 0.71554917
0.025 -0.01 0.71554154 -6.8019888e-05 0.0033135572 0.71554921
0.025 -0.005 0.71554142 -6.8716635e-05 0.0033634561 0.71554933
0.025 -5.2041704e-18 0.71554138 -6.940199e-05 0.0034142264 0.71554953
0.025 0.005 0.71554142 -7.0099259e-05 0.0034658846 0.71554982
0.025 0.01 0.71554154 -7.0831751e-05 0.0035184475 0.71555019
0.025 0.015 0.71554172 -7.1622794e-05 0.0035719321 0.71555063
0.025 0.02 0.71554195 -7.2495751e-05 0.0036263558 0.71555114
0.025 0.025 0.71554223 -7.3474038e-05 0.0036817363 0.7155517
0.025 0.03 0.71554252 -7.4581137e-05 0.0037380916 0.71555229
0.025 0.035 0.71554281 -7.5840613e-05 0.0037954401 0.71555288
0.025 0.04 0.71554307 -7.7276129e-05 0.0038538004 0.71555345
0.025 0.045 0.71554325 -7.8911467e-05 0.0039131915 0.71555396
0.025 0.05 0.71554332 -8.0770536e-05 0.0039736328 0.71555436

0.03 -0.05 0.71554468 -5.9044444e-05 0.0035316047 0.7155534
0.03 -0.045 0.71554428 -6.0783688e-05 0.0035837688 0.71555326
0.03 -0.04 0.71554381 -6.2281566e-05 0.003636833 0.71555306
0.03 -0.035 0.7155433 -6.3566618e-05 0.0036908144 0.71555282
0.03 -0.03 0.71554279 -6.4667236e-05 0.0037457301 0.7155526
0.03 -0.025 0.71554231 -6.561168e-05 0.003801598 0.71555241
0.03 -0.02 0.71554188 -6.64281e-05 0.003858436 0.71555228
0.03 -0.015 0.71554152 -6.7144554e-05 0.0039162623 0.71555224
0.03 -0.01 0.71554126 -6.7789026e-05 0.0039750958 0.7155523
0.03 -0.005 0.71554109 -6.8389448e-05 0.0040349554 0.71555247
0.03 -5.2041704e-18 0.71554104 -6.8973715e-05 0.0040958604 0.71555276
0.03 0.005 0.71554109 -6.9569709e-05 0.0041578307 0.71555318
0.03 0.01 0.71554126 -7.0205313e-05 0.0042208864 0.71555371
0.03 0.015 0.71554152 -7.0908434e-05 0.0042850479 0.71555436
0.03 0.02 0.71554188 -7.1707019e-05 0.0043503361 0.71555511
0.03 0.025 0.71554231 -7.2629078e-05 0.0044167722 0.71555594
0.03 0.03 0.71554279 -7.3702699e-05 0.0044843779 0.71555685
0.03 0.035 0.7155433 -7.4956068e-05 0.0045531751 0.71555779
0.03 0.04 0.71554381 -7.641749e-05 0.0046231864 0.71555875
0.03 0.045 0.71554428 -7.8115408e-05 0.0046944344 0.71555969
0.03 0.05 0.71554468 -8.007842e-05 0.0047669425 0.71556056

0.035 -0.05 0.71554612 -5.9234102e-05 0.0041187912 0.71555798
0.035 -0.045 0.71554534 -6.1042972e-05 0.0041796257 0.71555755
0.035 -0.04 0.71554452 -6.2568937e-05 0.0042415101 0.7155571
0.035 -0.035 0.71554371 -6.3845203e-05 0.0043044641 0.71555666
0.035 -0.03 0.71554294 -6.4904802e-05 0.0043685079 0.71555628
0.035 -0.025 0.71554224 -6.5780615e-05 0.0044336622 0.71555598
0.035 -0.02 0.71554163 -6.6505392e-05 0.0044999479 0.71555578
0.035 -0.015 0.71554113 -6.7111775e-05 0.0045673864 0.71555571
0.035 -0.01 0.71554077 -6.7632321e-05 0.0046359995 0.71555579
0.035 -0.005 0.71554055 -6.8099521e-05 0.0047058094 0.71555602
0.035 -5.2041704e-18 0.71554047 -6.854583e-05 0.0047768388 0.71555642
0.035 0.005 0.71554055 -6.9003679e-05 0.0048491106 0.71555698
0.035 0.01 0.71554077 -6.9505505e-05 0.0049226484 0.71555771
0.035 0.015 0.71554113 -7.0083771e-05 0.004997476 0.71555859
0.035 0.02 0.71554163 -7.0770985e-05 0.0050736177 0.71555962
0.035 0.025 0.71554224 -7.1599727e-05 0.0051510984 0.71556078
0.035 0.03 0.71554294 -7.2602668e-05 0.0052299433 0.71556206
0.035 0.035 0.71554371 -7.3812595e-05 0.0053101781 0.71556342
0.035 0.04 0.71554452 -7.526243e-05 0.0053918289 0.71556484
0.035 0.045 0.71554534 -7.6985255e-05 0.0054749224 0.71556629
0.035 0.05 0.71554612 -7.9014333e-05 0.0055594857 0.71556772

0.04 -0.05 0.71554756 -5.9858126e-05 0.0047053279 0.71556303
0.04 -0.045 0.71554634 -6.1692465e-05 0.0047748221 0.71556227
0.04 -0.04 0.71554513 -6.32026e-05 0.0048455156 0.71556154
0.04 -0.035 0.71554397 -6.4426378e-05 0.0049174311 0.71556087
0.04 -0.03 0.7155429 -6.5401445e-05 0.0049905917 0.71556031
0.04 -0.025 0.71554194 -6.6165275e-05 0.005065021 0.71555987
0.04 -0.02 0.71554113 -6.6755191e-05 0.0051407428 0.7155596
0.04 -0.015 0.71554047 -6.7208394e-05 0.0052177818 0.7155595
0.04 -0.01 0.71553999 -6.7561984e-05 0.0052961627 0.71555959
0.04 -0.005 0.7155397 -6.785299e-05 0.005375911 0.7155599
0.04 -5.2041704e-18 0.7155396 -6.8118395e-05 0.0054570524 0.71556041
0.04 0.005 0.7155397 -6.8395156e-05 0.0055396134 0.71556114
0.04 0.01 0.71553999 -6.8720237e-05 0.0056236208 0.71556209
0.04 0.015 0.71554047 -6.9130628e-05 0.0057091018 0.71556325
0.04 0.02 0.71554113 -6.9663374e-05 0.0057960844 0.7155646
0.04 0.025 0.71554194 -7.0355598e-05 0.0058845968 0.71556614
0.04 0.03 0.7155429 -7.1244529e-05 0.0059746679 0.71556785
0.04 0.035 0.71554397 -7.2367526e-05 0.006066327 0.71556969
0.04 0.04 0.71554513 -7.3762101e-05 0.0061596042 0.71557165
0.04 0.045 0.71554634 -7.546595e-05 0.0062545297 0.71557368
0.04 0.05 0.71554756 -7.7516974e-05 0.0063511347 0.71557575

0.045 -0.05 0.71554891 -6.0977585e-05 0.0052911224 0.71556848
0.045 -0.045 0.71554719 -6.2787027e-05 0.0053692638 0.71556734
0.045 -0.04 0.71554553 -6.4231241e-05 0.005448754 0.71556628
0.045 -0.035 0.71554398 -6.5352685e-05 0.0055296183 0.71556535
0.045 -0.03 0.71554257 -6.6193589e-05 0.0056118828 0.71556458
0.045 -0.025 0.71554133 -6.6795988e-05 0.0056955739 0.715564
0.045 -0.02 0.71554028 -6.7201749e-05 0.0057807187 0.71556363
0.045 -0.015 0.71553944 -6.7452599e-05 0.0058673447 0.7155635
0.045 -0.01 0.71553883 -6.7590156e-05 0.0059554798 0.71556361
0.045 -0.005 0.71553846 -6.7655952e-05 0.0060451526 0.715564
0.045 -5.2041704e-18 0.71553833 -6.7691469e-05 0.0061363923 0.71556465
0.045 0.005 0.71553846 -6.7738161e-05 0.0062292283 0.71556557
0.045 0.01 0.71553883 -6.7837486e-05 0.006323691 0.71556677
0.045 0.015 0.71553944 -6.8030934e-05 0.0064198111 0.71556824
0.045 0.02 0.71554028 -6.8360054e-05 0.0065176199 0.71556996
0.045 0.025 0.71554133 -6.8866484e-05 0.0066171492 0.71557193
0.045 0.03 0.71554257 -6.9591979e-05 0.0067184316 0.71557412
0.045 0.035 0.71554398 -7.0578438e-05 0.0068215 0.7155765
0.045 0.04 0.71554553 -7.1867937e-05 0.0069263882 0.71557906
0.045 0.045 0.71554719 -7.3502752e-05 0.0070331305 0.71558176
0.045 0.05 0.71554891 -7.5525392e-05 0.0071417616 0.71558455

0.05 -0.05 0.71555006 -6.265314e-05 0.0058760821 0.71557419
0.05 -0.045 0.71554778 -6.438115e-05 0.0059628569 0.71557263
0.05 -0.04 0.71554563 -6.570322e-05 0.0060511296 0.71557122
0.05 -0.035 0.71554364 -6.666638e-05 0.0061409284 0.71557
0.05 -0.03 0.71554185 -6.7317412e-05 0.0062322822 0.715569
0.05 -0.025 0.71554029 -6.7702878e-05 0.0063252206 0.71556825
0.05 -0.02 0.71553898 -6.7869154e-05 0.0064197734 0.71556778
0.05 -0.015 0.71553793 -6.7862461e-05 0.0065159712 0.71556761
0.05 -0.01 0.71553718 -6.7728895e-05 0.0066138453 0.71556775
0.05 -0.005 0.71553672 -6.7514464e-05 0.0067134272 0.71556822
0.05 -5.2041704e-18 0.71553657 -6.7265111e-05 0.0068147493 0.71556902
0.05 0.005 0.71553672 -6.7026753e-05 0.0069178446 0.71557016
0.05 0.01 0.71553718 -6.6845311e-05 0.0070227465 0.71557164
0.05 0.015 0.71553793 -6.6766737e-05 0.0071294894 0.71557346
0.05 0.02 0.71553898 -6.6837053e-05 0.0072381079 0.71557559
0.05 0.025 0.71554029 -6.7102376e-05 0.0073486375 0.71557803
0.05 0.03 0.71554185 -6.7608954e-05 0.0074611144 0.71558076
0.05 0.035 0.71554364 -6.8403193e-05 0.0075755752 0.71558375
0.05 0.04 0.71554563 -6.9531695e-05 0.0076920574 0.71558698
0.05 0.045 0.71554778 -7.1041286e-05 0.007810599 0.71559041
0.05 0.05 0.71555006 -7.2979046e-05 0.0079312389 0.71559402

