-1 -1-1 -1 0.076778418 0.090981478 0.00028554214 0.11904888
-1 -0.9 0.093441791 0.090448479 0.00028386934 0.13004759
-1 -0.8 0.10988008 0.087107668 0.00027338432 0.1402193
-1 -0.7 0.12530164 0.081113758 0.00025457265 0.14926489
-1 -0.6 0.13908522 0.072839685 0.00022860477 0.15700436
-1 -0.5 0.15083457 0.062769242 0.00019699904 0.16337407
-1 -0.4 0.1603663 0.051393398 0.00016129636 0.16840029
-1 -0.3 0.1676546 0.03913949 0.0001228379 0.17216266
-1 -0.2 0.17276228 0.02634053 8.2668818e-05 0.1747588
-1 -0.1 0.17577886 0.013237133 4.1544271e-05 0.17627658
-1 -1.3877788e-16 0.17677553 8.3402252e-17 4.5636018e-17 0.17677553
-1 0.1 0.17577886 -0.013237133 -4.1544271e-05 0.17627658
-1 0.2 0.17276228 -0.02634053 -8.2668818e-05 0.1747588
-1 0.3 0.1676546 -0.03913949 -0.0001228379 0.17216266
-1 0.4 0.1603663 -0.051393398 -0.00016129636 0.16840029
-1 0.5 0.15083457 -0.062769242 -0.00019699904 0.16337407
-1 0.6 0.13908522 -0.072839685 -0.00022860477 0.15700436
-1 0.7 0.12530164 -0.081113758 -0.00025457265 0.14926489
-1 0.8 0.10988008 -0.087107668 -0.00027338432 0.1402193
-1 0.9 0.093441791 -0.090448479 -0.00028386934 0.13004759
-1 1 0.076778418 -0.090981478 -0.00028554214 0.11904888

-0.9 -1 0.085564555 0.10951626 0.0003437129 0.13897922
-0.9 -0.9 0.10657608 0.1091962 0.00034270839 0.15258568
-0.9 -0.8 0.1271617 0.10503275 0.00032964155 0.16493055
-0.9 -0.7 0.14616388 0.097358245 0.0003055554 0.17562061
-0.9 -0.6 0.16276108 0.086837195 0.00027253545 0.18447748
-0.9 -0.5 0.17653282 0.074254078 0.00023304379 0.19151386
-0.9 -0.4 0.18739831 0.060333717 0.00018935523 0.19687133
-0.9 -0.3 0.19549311 0.045641259 0.00014324347 0.20075035
-0.9 -0.2 0.20104372 0.030558138 9.590563e-05 0.20335286
-0.9 -0.1 0.20427095 0.015307082 4.8040734e-05 0.20484367
-0.9 -1.3877788e-16 0.20532853 6.7085009e-17 -1.2735352e-17 0.20532853
-0.9 0.1 0.20427095 -0.015307082 -4.8040734e-05 0.20484367
-0.9 0.2 0.20104372 -0.030558138 -9.590563e-05 0.20335286
-0.9 0.3 0.19549311 -0.045641259 -0.00014324347 0.20075035
-0.9 0.4 0.18739831 -0.060333717 -0.00018935523 0.19687133
-0.9 0.5 0.17653282 -0.074254078 -0.00023304379 0.19151386
-0.9 0.6 0.16276108 -0.086837195 -0.00027253545 0.18447748
-0.9 0.7 0.14616388 -0.097358245 -0.0003055554 0.17562061
-0.9 0.8 0.1271617 -0.10503275 -0.00032964155 0.16493055
-0.9 0.9 0.10657608 -0.1091962 -0.00034270839 0.15258568
-0.9 1 0.085564555 -0.10951626 -0.0003437129 0.13897922

-0.8 -1 0.095562272 0.13309807 0.00041772355 0.16385181
-0.8 -0.9 0.12251675 0.13297572 0.00041733957 0.18081225
-0.8 -0.8 0.14860307 0.12741477 0.00039988674 0.19574871
-0.8 -0.7 0.17207377 0.11712945 0.00036760662 0.20815578
-0.8 -0.6 0.19186462 0.10333828 0.00032432351 0.21792416
-0.8 -0.5 0.20763453 0.087333412 0.00027409281 0.22525385
-0.8 -0.4 0.21956999 0.070178146 0.00022025162 0.23051248
-0.8 -0.3 0.22812373 0.052590678 0.00016505398 0.23410734
-0.8 -0.2 0.23380085 0.034962408 0.00010972828 0.23640055
-0.8 -0.1 0.23702472 0.017436837 5.4724894e-05 0.23766523
-0.8 -1.3877788e-16 0.2380682 -3.512815e-17 -1.1990493e-17 0.2380682
-0.8 0.1 0.23702472 -0.017436837 -5.4724894e-05 0.23766523
-0.8 0.2 0.23380085 -0.034962408 -0.00010972828 0.23640055
-0.8 0.3 0.22812373 -0.052590678 -0.00016505398 0.23410734
-0.8 0.4 0.21956999 -0.070178146 -0.00022025162 0.23051248
-0.8 0.5 0.20763453 -0.087333412 -0.00027409281 0.22525385
-0.8 0.6 0.19186462 -0.10333828 -0.00032432351 0.21792416
-0.8 0.7 0.17207377 -0.11712945 -0.00036760662 0.20815578
-0.8 0.8 0.14860307 -0.12741477 -0.00039988674 0.19574871
-0.8 0.9 0.12251675 -0.13297572 -0.00041733957 0.18081225
-0.8 1 0.095562272 -0.13309807 -0.00041772355 0.16385181

-0.7 -1 0.10702249 0.16375215 0.00051393031 0.19562424
-0.7 -0.9 0.14240469 0.16367237 0.00051367991 0.21695162
-0.7 -0.8 0.17594186 0.15557759 0.00048827474 0.23486201
-0.7 -0.7 0.20491425 0.14103509 0.00044263364 0.2487588
-0.7 -0.6 0.2280451 0.12234114 0.00038396333 0.25878963
-0.7 -0.5 0.245362 0.1016289 0.0003189587 0.26557682
-0.7 -0.4 0.25765181 0.080403005 0.00025234198 0.26990584
-0.7 -0.3 0.265938 0.059487812 0.00018670039 0.27251029
-0.7 -0.2 0.27115564 0.039178734 0.00012296107 0.27397147
-0.7 -0.1 0.27400506 0.019428823 6.0976672e-05 0.27469302
-0.7 -1.3877788e-16 0.27490824 6.3805298e-17 3.1601317e-17 0.27490824
-0.7 0.1 0.27400506 -0.019428823 -6.0976672e-05 0.27469302
-0.7 0.2 0.27115564 -0.039178734 -0.00012296107 0.27397147
-0.7 0.3 0.265938 -0.059487812 -0.00018670039 0.27251029
-0.7 0.4 0.25765181 -0.080403005 -0.00025234198 0.26990584
-0.7 0.5 0.245362 -0.1016289 -0.0003189587 0.26557682
-0.7 0.6 0.2280451 -0.12234114 -0.00038396333 0.25878963
-0.7 0.7 0.20491425 -0.14103509 -0.00044263364 0.2487588
-0.7 0.8 0.17594186 -0.15557759 -0.00048827474 0.23486201
-0.7 0.9 0.14240469 -0.16367237 -0.00051367991 0.21695162
-0.7 1 0.10702249 -0.16375215 -0.00051393031 0.19562424

-0.6 -1 0.12030737 0.20479116 0.00064272979 0.23751568
-0.6 -0.9 0.16824207 0.20422567 0.00064095502 0.26460145
-0.6 -0.8 0.21210483 0.19125478 0.00060024634 0.28559973
-0.6 -0.7 0.24757446 0.16945936 0.00053184217 0.30001645
-0.6 -0.6 0.27350939 0.14326875 0.00044964388 0.30876127
-0.6 -0.5 0.29104981 0.11612083 0.00036444111 0.3133595
-0.6 -0.4 0.30221087 0.089941823 0.00028227922 0.31531099
-0.6 -0.3 0.30894448 0.0654426 0.00020538928 0.31579972
-0.6 -0.2 0.31276181 0.042590885 0.00013366998 0.31564846
-0.6 -0.1 0.31467536 0.020971887 6.5819523e-05 0.31537344
-0.6 -1.3877788e-16 0.31525268 -1.3335687e-17 3.6437981e-17 0.31525268
-0.6 0.1 0.31467536 -0.020971887 -6.5819523e-05 0.31537344
-0.6 0.2 0.31276181 -0.042590885 -0.00013366998 0.31564846
-0.6 0.3 0.30894448 -0.0654426 -0.00020538928 0.31579972
-0.6 0.4 0.30221087 -0.089941823 -0.00028227922 0.31531099
-0.6 0.5 0.29104981 -0.11612083 -0.00036444111 0.3133595
-0.6 0.6 0.27350939 -0.14326875 -0.00044964388 0.30876127
-0.6 0.7 0.24757446 -0.16945936 -0.00053184217 0.30001645
-0.6 0.8 0.21210483 -0.19125478 -0.00060024634 0.28559973
-0.6 0.9 0.16824207 -0.20422567 -0.00064095502 0.26460145
-0.6 1 0.12030737 -0.20479116 -0.00064272979 0.23751568

-0.5 -1 0.13597835 0.26208761 0.00082255265 0.29526378
-0.5 -0.9 0.20389134 0.25947804 0.00081436261 0.33000181
-0.5 -0.8 0.26232929 0.23652829 0.00074233565 0.35321784
-0.5 -0.7 0.30453619 0.20192132 0.00063372291 0.36539693
-0.5 -0.6 0.33102505 0.16427549 0.0005155728 0.36954606
-0.5 -0.5 0.3458294 0.12866724 0.00040381757 0.36898969
-0.5 -0.4 0.3532164 0.096932496 0.0003042192 0.36627562
-0.5 -0.3 0.35641169 0.069072522 0.00021678166 0.36304318
-0.5 -0.2 0.35751212 0.044312589 0.00013907349 0.36024789
-0.5 -0.1 0.35775293 0.021638072 6.7910321e-05 0.35840671
-0.5 -1.3877788e-16 0.35776853 -3.8462072e-17 2.4884346e-17 0.35776853
-0.5 0.1 0.35775293 -0.021638072 -6.7910321e-05 0.35840671
-0.5 0.2 0.35751212 -0.044312589 -0.00013907349 0.36024789
-0.5 0.3 0.35641169 -0.069072522 -0.00021678166 0.36304318
-0.5 0.4 0.3532164 -0.096932496 -0.0003042192 0.36627562
-0.5 0.5 0.3458294 -0.12866724 -0.00040381757 0.36898969
-0.5 0.6 0.33102505 -0.16427549 -0.0005155728 0.36954606
-0.5 0.7 0.30453619 -0.20192132 -0.00063372291 0.36539693
-0.5 0.8 0.26232929 -0.23652829 -0.00074233565 0.35321784
-0.5 0.9 0.20389134 -0.25947804 -0.00081436261 0.33000181
-0.5 1 0.13597835 -0.26208761 -0.00082255265 0.29526378

-0.4 -1 0.15498604 0.34725032 0.0010898328 0.38026918
-0.4 -0.9 0.2577452 0.33788844 0.0010604509 0.42497331
-0.4 -0.8 0.33654694 0.29302285 0.00091964182 0.44623658
-0.4 -0.7 0.38252534 0.23535738 0.00073866079 0.44913169
-0.4 -0.6 0.40339809 0.18096576 0.00056795462 0.44213001
-0.4 -0.5 0.40980162 0.13539924 0.0004249457 0.43159067
-0.4 -0.4 0.40933887 0.098551077 0.00030929906 0.42103529
-0.4 -0.3 0.40638351 0.068526378 0.00021506761 0.4121207
-0.4 -0.2 0.40322475 0.043255445 0.00013575568 0.40553823
-0.4 -0.1 0.40099456 0.020928307 6.5682748e-05 0.40154033
-0.4 -1.3877788e-16 0.40020284 2.0491421e-17 1.385513e-17 0.40020284
-0.4 0.1 0.40099456 -0.020928307 -6.5682748e-05 0.40154033
-0.4 0.2 0.40322475 -0.043255445 -0.00013575568 0.40553823
-0.4 0.3 0.40638351 -0.068526378 -0.00021506761 0.4121207
-0.4 0.4 0.40933887 -0.098551077 -0.00030929906 0.42103529
-0.4 0.5 0.40980162 -0.13539924 -0.0004249457 0.43159067
-0.4 0.6 0.40339809 -0.18096576 -0.00056795462 0.44213001
-0.4 0.7 0.38252534 -0.23535738 -0.00073866079 0.44913169
-0.4 0.8 0.33654694 -0.29302285 -0.00091964182 0.44623658
-0.4 0.9 0.2577452 -0.33788844 -0.0010604509 0.42497331
-0.4 1 0.15498604 -0.34725032 -0.0010898328 0.38026918

-0.3 -1 0.1791416 0.48713892 0.0015288682 0.51903601
-0.3 -0.9 0.35110319 0.45479314 0.0014273521 0.57455399
-0.3 -0.8 0.45418989 0.3577616 0.0011228221 0.57817219
-0.3 -0.7 0.49002365 0.25990568 0.00081570474 0.55468442
-0.3 -0.6 0.49135738 0.18453973 0.00057917138 0.52486886
-0.3 -0.5 0.48031573 0.13040373 0.00040926748 0.49770322
-0.3 -0.4 0.46695152 0.091254259 0.00028639825 0.47578476
-0.3 -0.3 0.45519892 0.061806523 0.00019397758 0.45937582
-0.3 -0.2 0.44645243 0.038368478 0.00012041811 0.44809813
-0.3 -0.1 0.44114157 0.018393221 5.7726471e-05 0.44152485
-0.3 -1.3877788e-16 0.43936697 -2.9002408e-18 -4.884569e-17 0.43936697
-0.3 0.1 0.44114157 -0.018393221 -5.7726471e-05 0.44152485
-0.3 0.2 0.44645243 -0.038368478 -0.00012041811 0.44809813
-0.3 0.3 0.45519892 -0.061806523 -0.00019397758 0.45937582
-0.3 0.4 0.46695152 -0.091254259 -0.00028639825 0.47578476
-0.3 0.5 0.48031573 -0.13040373 -0.00040926748 0.49770322
-0.3 0.6 0.49135738 -0.18453973 -0.00057917138 0.52486886
-0.3 0.7 0.49002365 -0.25990568 -0.00081570474 0.55468442
-0.3 0.8 0.45418989 -0.3577616 -0.0011228221 0.57817219
-0.3 0.9 0.35110319 -0.45479314 -0.0014273521 0.57455399
-0.3 1 0.1791416 -0.48713892 -0.0015288682 0.51903601

-0.2 -1 0.21257984 0.76186209 0.0023910771 0.7909676
-0.2 -0.9 0.55004671 0.63369562 0.0019888312 0.83912185
-0.2 -0.8 0.64956994 0.40535272 0.0012721851 0.76567196
-0.2 -0.7 0.63038835 0.25103292 0.0007878579 0.67853344
-0.2 -0.6 0.58806753 0.16103779 0.00050541137 0.60971866
-0.2 -0.5 0.54941692 0.1068832 0.00033544912 0.55971697
-0.2 -0.4 0.51927487 0.071927174 0.00022574088 0.52423273
-0.2 -0.3 0.49738125 0.04753663 0.00014919203 0.49964774
-0.2 -0.2 0.48265689 0.029072496 9.1242998e-05 0.48353169
-0.2 -0.1 0.47419099 0.013824816 4.3388693e-05 0.47439247
-0.2 -1.3877788e-16 0.47142992 1.7835126e-17 2.2790057e-17 0.47142992
-0.2 0.1 0.47419099 -0.013824816 -4.3388693e-05 0.47439247
-0.2 0.2 0.48265689 -0.029072496 -9.1242998e-05 0.48353169
-0.2 0.3 0.49738125 -0.04753663 -0.00014919203 0.49964774
-0.2 0.4 0.51927487 -0.071927174 -0.00022574088 0.52423273
-0.2 0.5 0.54941692 -0.1068832 -0.00033544912 0.55971697
-0.2 0.6 0.58806753 -0.16103779 -0.00050541137 0.60971866
-0.2 0.7 0.63038835 -0.25103292 -0.0007878579 0.67853344
-0.2 0.8 0.64956994 -0.40535272 -0.0012721851 0.76567196
-0.2 0.9 0.55004671 -0.63369562 -0.0019888312 0.83912185
-0.2 1 0.21257984 -0.76186209 -0.0023910771 0.7909676

-0.1 -1 0.26867753 1.5703883 0.0049286078 1.5932141
-0.1 -0.9 1.0938406 0.81686494 0.0025637016 1.3651968
-0.1 -0.8 0.93967568 0.33409773 0.0010485539 0.99730275
-0.1 -0.7 0.77681861 0.16800226 0.00052726913 0.79477808
-0.1 -0.6 0.67114469 0.097529049 0.00030609146 0.67819407
-0.1 -0.5 0.60250189 0.061405675 0.00019271953 0.60562301
-0.1 -0.4 0.55685469 0.040099718 0.00012585154 0.55829665
-0.1 -0.3 0.52644494 0.026033259 8.1704458e-05 0.52708824
-0.1 -0.2 0.50698156 0.015754876 4.9446119e-05 0.5072263
-0.1 -0.1 0.49609576 0.0074502269 2.3382273e-05 0.4961517
-0.1 -1.3877788e-16 0.49258943 -3.3949081e-18 -1.0250872e-17 0.49258943
-0.1 0.1 0.49609576 -0.0074502269 -2.3382273e-05 0.4961517
-0.1 0.2 0.50698156 -0.015754876 -4.9446119e-05 0.5072263
-0.1 0.3 0.52644494 -0.026033259 -8.1704458e-05 0.52708824
-0.1 0.4 0.55685469 -0.040099718 -0.00012585154 0.55829665
-0.1 0.5 0.60250189 -0.061405675 -0.00019271953 0.60562301
-0.1 0.6 0.67114469 -0.097529049 -0.00030609146 0.67819407
-0.1 0.7 0.77681861 -0.16800226 -0.00052726913 0.79477808
-0.1 0.8 0.93967568 -0.33409773 -0.0010485539 0.99730275
-0.1 0.9 1.0938406 -0.81686494 -0.0025637016 1.3651968
-0.1 1 0.26867753 -1.5703883 -0.0049286078 1.5932141

-1.3877788e-16 -1 0 0 0 0
-1.3877788e-16 -0.9 1.962949 2.2943157e-15 7.2006284e-18 1.962949
-1.3877788e-16 -0.8 1.1285337 5.8579437e-16 1.8384948e-18 1.1285337
-1.3877788e-16 -0.7 0.84611276 2.6169901e-16 8.2133306e-19 0.84611276
-1.3877788e-16 -0.6 0.70529219 1.4525374e-16 4.5587371e-19 0.70529219
-1.3877788e-16 -0.5 0.62280622 8.9528492e-17 2.8098199e-19 0.62280622
-1.3877788e-16 -0.4 0.57065828 5.7798864e-17 1.8139968e-19 0.57065828
-1.3877788e-16 -0.3 0.53686754 3.7277467e-17 1.1699401e-19 0.53686754
-1.3877788e-16 -0.2 0.51558189 2.2473888e-17 7.05335e-20 0.51558189
-1.3877788e-16 -0.1 0.50378219 1.0606311e-17 3.3287532e-20 0.50378219
-1.3877788e-16 -1.3877788e-16 0.49999672 5.7777898e-33 -4.6009977e-32 0.49999672
-1.3877788e-16 0.1 0.50378219 -1.0606311e-17 -3.3287532e-20 0.50378219
-1.3877788e-16 0.2 0.51558189 -2.2473888e-17 -7.05335e-20 0.51558189
-1.3877788e-16 0.3 0.53686754 -3.7277467e-17 -1.1699401e-19 0.53686754
-1.3877788e-16 0.4 0.57065828 -5.7798864e-17 -1.8139968e-19 0.57065828
-1.3877788e-16 0.5 0.62280622 -8.9528492e-17 -2.8098199e-19 0.62280622
-1.3877788e-16 0.6 0.70529219 -1.4525374e-16 -4.5587371e-19 0.70529219
-1.3877788e-16 0.7 0.84611276 -2.6169901e-16 -8.2133306e-19 0.84611276
-1.3877788e-16 0.8 1.1285337 -5.8579437e-16 -1.8384948e-18 1.1285337
-1.3877788e-16 0.9 1.962949 -2.2943157e-15 -7.2006284e-18 1.962949
-1.3877788e-16 1 0 0 0 0

0.1 -1 0.26867753 -1.5703883 -0.0049286078 1.5932141
0.1 -0.9 1.0938406 -0.81686494 -0.0025637016 1.3651968
0.1 -0.8 0.93967568 -0.33409773 -0.0010485539 0.99730275
0.1 -0.7 0.77681861 -0.16800226 -0.00052726913 0.79477808
0.1 -0.6 0.67114469 -0.097529049 -0.00030609146 0.67819407
0.1 -0.5 0.60250189 -0.061405675 -0.00019271953 0.60562301
0.1 -0.4 0.55685469 -0.040099718 -0.00012585154 0.55829665
0.1 -0.3 0.52644494 -0.026033259 -8.1704458e-05 0.52708824
0.1 -0.2 0.50698156 -0.015754876 -4.9446119e-05 0.5072263
0.1 -0.1 0.49609576 -0.0074502269 -2.3382273e-05 0.4961517
0.1 -1.3877788e-16 0.49258943 1.4162391e-18 8.0696035e-18 0.49258943
0.1 0.1 0.49609576 0.0074502269 2.3382273e-05 0.4961517
0.1 0.2 0.50698156 0.015754876 4.9446119e-05 0.5072263
0.1 0.3 0.52644494 0.026033259 8.1704458e-05 0.52708824
0.1 0.4 0.55685469 0.040099718 0.00012585154 0.55829665
0.1 0.5 0.60250189 0.061405675 0.00019271953 0.60562301
0.1 0.6 0.67114469 0.097529049 0.00030609146 0.67819407
0.1 0.7 0.77681861 0.16800226 0.00052726913 0.79477808
0.1 0.8 0.93967568 0.33409773 0.0010485539 0.99730275
0.1 0.9 1.0938406 0.81686494 0.0025637016 1.3651968
0.1 1 0.26867753 1.5703883 0.0049286078 1.5932141

0.2 -1 0.21257984 -0.76186209 -0.0023910771 0.7909676
0.2 -0.9 0.55004671 -0.63369562 -0.0019888312 0.83912185
0.2 -0.8 0.64956994 -0.40535272 -0.0012721851 0.76567196
0.2 -0.7 0.63038835 -0.25103292 -0.0007878579 0.67853344
0.2 -0.6 0.58806753 -0.16103779 -0.00050541137 0.60971866
0.2 -0.5 0.54941692 -0.1068832 -0.00033544912 0.55971697
0.2 -0.4 0.51927487 -0.071927174 -0.00022574088 0.52423273
0.2 -0.3 0.49738125 -0.04753663 -0.00014919203 0.49964774
0.2 -0.2 0.48265689 -0.029072496 -9.1242998e-05 0.48353169
0.2 -0.1 0.47419099 -0.013824816 -4.3388693e-05 0.47439247
0.2 -1.3877788e-16 0.47142992 -3.1753571e-17 -6.9120535e-18 0.47142992
0.2 0.1 0.47419099 0.013824816 4.3388693e-05 0.47439247
0.2 0.2 0.48265689 0.029072496 9.1242998e-05 0.48353169
0.2 0.3 0.49738125 0.04753663 0.00014919203 0.49964774
0.2 0.4 0.51927487 0.071927174 0.00022574088 0.52423273
0.2 0.5 0.54941692 0.1068832 0.00033544912 0.55971697
0.2 0.6 0.58806753 0.16103779 0.00050541137 0.60971866
0.2 0.7 0.63038835 0.25103292 0.0007878579 0.67853344
0.2 0.8 0.64956994 0.40535272 0.0012721851 0.76567196
0.2 0.9 0.55004671 0.63369562 0.0019888312 0.83912185
0.2 1 0.21257984 0.76186209 0.0023910771 0.7909676

0.3 -1 0.1791416 -0.48713892 -0.0015288682 0.51903601
0.3 -0.9 0.35110319 -0.45479314 -0.0014273521 0.57455399
0.3 -0.8 0.45418989 -0.3577616 -0.0011228221 0.57817219
0.3 -0.7 0.49002365 -0.25990568 -0.00081570474 0.55468442
0.3 -0.6 0.49135738 -0.18453973 -0.00057917138 0.52486886
0.3 -0.5 0.48031573 -0.13040373 -0.00040926748 0.49770322
0.3 -0.4 0.46695152 -0.091254259 -0.00028639825 0.47578476
0.3 -0.3 0.45519892 -0.061806523 -0.00019397758 0.45937582
0.3 -0.2 0.44645243 -0.038368478 -0.00012041811 0.44809813
0.3 -0.1 0.44114157 -0.018393221 -5.7726471e-05 0.44152485
0.3 -1.3877788e-16 0.43936697 7.8604658e-19 4.162574e-17 0.43936697
0.3 0.1 0.44114157 0.018393221 5.7726471e-05 0.44152485
0.3 0.2 0.44645243 0.038368478 0.00012041811 0.44809813
0.3 0.3 0.45519892 0.061806523 0.00019397758 0.45937582
0.3 0.4 0.46695152 0.091254259 0.00028639825 0.47578476
0.3 0.5 0.48031573 0.13040373 0.00040926748 0.49770322
0.3 0.6 0.49135738 0.18453973 0.00057917138 0.52486886
0.3 0.7 0.49002365 0.25990568 0.00081570474 0.55468442
0.3 0.8 0.45418989 0.3577616 0.0011228221 0.57817219
0.3 0.9 0.35110319 0.45479314 0.0014273521 0.57455399
0.3 1 0.1791416 0.48713892 0.0015288682 0.51903601

0.4 -1 0.15498604 -0.34725032 -0.0010898328 0.38026918
0.4 -0.9 0.2577452 -0.33788844 -0.0010604509 0.42497331
0.4 -0.8 0.33654694 -0.29302285 -0.00091964182 0.44623658
0.4 -0.7 0.38252534 -0.23535738 -0.00073866079 0.44913169
0.4 -0.6 0.40339809 -0.18096576 -0.00056795462 0.44213001
0.4 -0.5 0.40980162 -0.13539924 -0.0004249457 0.43159067
0.4 -0.4 0.40933887 -0.098551077 -0.00030929906 0.42103529
0.4 -0.3 0.40638351 -0.068526378 -0.00021506761 0.4121207
0.4 -0.2 0.40322475 -0.043255445 -0.00013575568 0.40553823
0.4 -0.1 0.40099456 -0.020928307 -6.5682748e-05 0.40154033
0.4 -1.3877788e-16 0.40020284 -1.3471212e-17 5.3969763e-18 0.40020284
0.4 0.1 0.40099456 0.020928307 6.5682748e-05 0.40154033
0.4 0.2 0.40322475 0.043255445 0.00013575568 0.40553823
0.4 0.3 0.40638351 0.068526378 0.00021506761 0.4121207
0.4 0.4 0.40933887 0.098551077 0.00030929906 0.42103529
0.4 0.5 0.40980162 0.13539924 0.0004249457 0.43159067
0.4 0.6 0.40339809 0.18096576 0.00056795462 0.44213001
0.4 0.7 0.38252534 0.23535738 0.00073866079 0.44913169
0.4 0.8 0.33654694 0.29302285 0.00091964182 0.44623658
0.4 0.9 0.2577452 0.33788844 0.0010604509 0.42497331
0.4 1 0.15498604 0.34725032 0.0010898328 0.38026918

0.5 -1 0.13597835 -0.26208761 -0.00082255265 0.29526378
0.5 -0.9 0.20389134 -0.25947804 -0.00081436261 0.33000181
0.5 -0.8 0.26232929 -0.23652829 -0.00074233565 0.35321784
0.5 -0.7 0.30453619 -0.20192132 -0.00063372291 0.36539693
0.5 -0.6 0.33102505 -0.16427549 -0.0005155728 0.36954606
0.5 -0.5 0.3458294 -0.12866724 -0.00040381757 0.36898969
0.5 -0.4 0.3532164 -0.096932496 -0.0003042192 0.36627562
0.5 -0.3 0.35641169 -0.069072522 -0.00021678166 0.36304318
0.5 -0.2 0.35751212 -0.044312589 -0.00013907349 0.36024789
0.5 -0.1 0.35775293 -0.021638072 -6.7910321e-05 0.35840671
0.5 -1.3877788e-16 0.35776853 1.6994869e-17 -1.9044477e-17 0.35776853
0.5 0.1 0.35775293 0.021638072 6.7910321e-05 0.35840671
0.5 0.2 0.35751212 0.044312589 0.00013907349 0.36024789
0.5 0.3 0.35641169 0.069072522 0.00021678166 0.36304318
0.5 0.4 0.3532164 0.096932496 0.0003042192 0.36627562
0.5 0.5 0.3458294 0.12866724 0.00040381757 0.36898969
0.5 0.6 0.33102505 0.16427549 0.0005155728 0.36954606
0.5 0.7 0.30453619 0.20192132 0.00063372291 0.36539693
0.5 0.8 0.26232929 0.23652829 0.00074233565 0.35321784
0.5 0.9 0.20389134 0.25947804 0.00081436261 0.33000181
0.5 1 0.13597835 0.26208761 0.00082255265 0.29526378

0.6 -1 0.12030737 -0.20479116 -0.00064272979 0.23751568
0.6 -0.9 0.16824207 -0.20422567 -0.00064095502 0.26460145
0.6 -0.8 0.21210483 -0.19125478 -0.00060024634 0.28559973
0.6 -0.7 0.24757446 -0.16945936 -0.00053184217 0.30001645
0.6 -0.6 0.27350939 -0.14326875 -0.00044964388 0.30876127
0.6 -0.5 0.29104981 -0.11612083 -0.00036444111 0.3133595
0.6 -0.4 0.30221087 -0.089941823 -0.00028227922 0.31531099
0.6 -0.3 0.30894448 -0.0654426 -0.00020538928 0.31579972
0.6 -0.2 0.31276181 -0.042590885 -0.00013366998 0.31564846
0.6 -0.1 0.31467536 -0.020971887 -6.5819523e-05 0.31537344
0.6 -1.3877788e-16 0.31525268 0 -3.0056752e-17 0.31525268
0.6 0.1 0.31467536 0.020971887 6.5819523e-05 0.31537344
0.6 0.2 0.31276181 0.042590885 0.00013366998 0.31564846
0.6 0.3 0.30894448 0.0654426 0.00020538928 0.31579972
0.6 0.4 0.30221087 0.089941823 0.00028227922 0.31531099
0.6 0.5 0.29104981 0.11612083 0.00036444111 0.3133595
0.6 0.6 0.27350939 0.14326875 0.00044964388 0.30876127
0.6 0.7 0.24757446 0.16945936 0.00053184217 0.30001645
0.6 0.8 0.21210483 0.19125478 0.00060024634 0.28559973
0.6 0.9 0.16824207 0.20422567 0.00064095502 0.26460145
0.6 1 0.12030737 0.20479116 0.00064272979 0.23751568

0.7 -1 0.10702249 -0.16375215 -0.00051393031 0.19562424
0.7 -0.9 0.14240469 -0.16367237 -0.00051367991 0.21695162
0.7 -0.8 0.17594186 -0.15557759 -0.00048827474 0.23486201
0.7 -0.7 0.20491425 -0.14103509 -0.00044263364 0.2487588
0.7 -0.6 0.2280451 -0.12234114 -0.00038396333 0.25878963
0.7 -0.5 0.245362 -0.1016289 -0.0003189587 0.26557682
0.7 -0.4 0.25765181 -0.080403005 -0.00025234198 0.26990584
0.7 -0.3 0.265938 -0.059487812 -0.00018670039 0.27251029
0.7 -0.2 0.27115564 -0.039178734 -0.00012296107 0.27397147
0.7 -0.1 0.27400506 -0.019428823 -6.0976672e-05 0.27469302
0.7 -1.3877788e-16 0.27490824 -6.0037695e-17 -4.3296936e-17 0.27490824
0.7 0.1 0.27400506 0.019428823 6.0976672e-05 0.27469302
0.7 0.2 0.27115564 0.039178734 0.00012296107 0.27397147
0.7 0.3 0.265938 0.059487812 0.00018670039 0.27251029
0.7 0.4 0.25765181 0.080403005 0.00025234198 0.26990584
0.7 0.5 0.245362 0.1016289 0.0003189587 0.26557682
0.7 0.6 0.2280451 0.12234114 0.00038396333 0.25878963
0.7 0.7 0.20491425 0.14103509 0.00044263364 0.2487588
0.7 0.8 0.17594186 0.15557759 0.00048827474 0.23486201
0.7 0.9 0.14240469 0.16367237 0.00051367991 0.21695162
0.7 1 0.10702249 0.16375215 0.00051393031 0.19562424

0.8 -1 0.095562272 -0.13309807 -0.00041772355 0.16385181
0.8 -0.9 0.12251675 -0.13297572 -0.00041733957 0.18081225
0.8 -0.8 0.14860307 -0.12741477 -0.00039988674 0.19574871
0.8 -0.7 0.17207377 -0.11712945 -0.00036760662 0.20815578
0.8 -0.6 0.19186462 -0.10333828 -0.00032432351 0.21792416
0.8 -0.5 0.20763453 -0.087333412 -0.00027409281 0.22525385
0.8 -0.4 0.21956999 -0.070178146 -0.00022025162 0.23051248
0.8 -0.3 0.22812373 -0.052590678 -0.00016505398 0.23410734
0.8 -0.2 0.23380085 -0.034962408 -0.00010972828 0.23640055
0.8 -0.1 0.23702472 -0.017436837 -5.4724894e-05 0.23766523
0.8 -1.3877788e-16 0.2380682 1.2956216e-17 1.3586938e-17 0.2380682
0.8 0.1 0.23702472 0.017436837 5.4724894e-05 0.23766523
0.8 0.2 0.23380085 0.034962408 0.00010972828 0.23640055
0.8 0.3 0.22812373 0.052590678 0.00016505398 0.23410734
0.8 0.4 0.21956999 0.070178146 0.00022025162 0.23051248
0.8 0.5 0.20763453 0.087333412 0.00027409281 0.22525385
0.8 0.6 0.19186462 0.10333828 0.00032432351 0.21792416
0.8 0.7 0.17207377 0.11712945 0.00036760662 0.20815578
0.8 0.8 0.14860307 0.12741477 0.00039988674 0.19574871
0.8 0.9 0.12251675 0.13297572 0.00041733957 0.18081225
0.8 1 0.095562272 0.13309807 0.00041772355 0.16385181

0.9 -1 0.085564555 -0.10951626 -0.0003437129 0.13897922
0.9 -0.9 0.10657608 -0.1091962 -0.00034270839 0.15258568
0.9 -0.8 0.1271617 -0.10503275 -0.00032964155 0.16493055
0.9 -0.7 0.14616388 -0.097358245 -0.0003055554 0.17562061
0.9 -0.6 0.16276108 -0.086837195 -0.00027253545 0.18447748
0.9 -0.5 0.17653282 -0.074254078 -0.00023304379 0.19151386
0.9 -0.4 0.18739831 -0.060333717 -0.00018935523 0.19687133
0.9 -0.3 0.19549311 -0.045641259 -0.00014324347 0.20075035
0.9 -0.2 0.20104372 -0.030558138 -9.590563e-05 0.20335286
0.9 -0.1 0.20427095 -0.015307082 -4.8040734e-05 0.20484367
0.9 -1.3877788e-16 0.20532853 -5.3315642e-17 7.7916443e-19 0.20532853
0.9 0.1 0.20427095 0.015307082 4.8040734e-05 0.20484367
0.9 0.2 0.20104372 0.030558138 9.590563e-05 0.20335286
0.9 0.3 0.19549311 0.045641259 0.00014324347 0.20075035
0.9 0.4 0.18739831 0.060333717 0.00018935523 0.19687133
0.9 0.5 0.17653282 0.074254078 0.00023304379 0.19151386
0.9 0.6 0.16276108 0.086837195 0.00027253545 0.18447748
0.9 0.7 0.14616388 0.097358245 0.0003055554 0.17562061
0.9 0.8 0.1271617 0.10503275 0.00032964155 0.16493055
0.9 0.9 0.10657608 0.1091962 0.00034270839 0.15258568
0.9 1 0.085564555 0.10951626 0.0003437129 0.13897922

1 -1 0.076778418 -0.090981478 -0.00028554214 0.11904888
1 -0.9 0.093441791 -0.090448479 -0.00028386934 0.13004759
1 -0.8 0.10988008 -0.087107668 -0.00027338432 0.1402193
1 -0.7 0.12530164 -0.081113758 -0.00025457265 0.14926489
1 -0.6 0.13908522 -0.072839685 -0.00022860477 0.15700436
1 -0.5 0.15083457 -0.062769242 -0.00019699904 0.16337407
1 -0.4 0.1603663 -0.051393398 -0.00016129636 0.16840029
1 -0.3 0.1676546 -0.03913949 -0.0001228379 0.17216266
1 -0.2 0.17276228 -0.02634053 -8.2668818e-05 0.1747588
1 -0.1 0.17577886 -0.013237133 -4.1544271e-05 0.17627658
1 -1.3877788e-16 0.17677553 -4.9520934e-17 -4.1777041e-17 0.17677553
1 0.1 0.17577886 0.013237133 4.1544271e-05 0.17627658
1 0.2 0.17276228 0.02634053 8.2668818e-05 0.1747588
1 0.3 0.1676546 0.03913949 0.0001228379 0.17216266
1 0.4 0.1603663 0.051393398 0.00016129636 0.16840029
1 0.5 0.15083457 0.062769242 0.00019699904 0.16337407
1 0.6 0.13908522 0.072839685 0.00022860477 0.15700436
1 0.7 0.12530164 0.081113758 0.00025457265 0.14926489
1 0.8 0.10988008 0.087107668 0.00027338432 0.1402193
1 0.9 0.093441791 0.090448479 0.00028386934 0.13004759
1 1 0.076778418 0.090981478 0.00028554214 0.11904888

