-5 0.0037714639 0.0037714641 2.4810237e-10
-4.9 0.0039976009 0.0039976012 2.6297877e-10
-4.8 0.0042419767 0.004241977 2.790549e-10
-4.7 0.004506445 0.0045064453 2.9645281e-10
-4.6 0.0047930873 0.0047930876 3.1530907e-10
-4.5 0.0051042457 0.0051042461 3.3577843e-10
-4.4 0.0054425611 0.0054425615 3.580353e-10
-4.3 0.005811018 0.0058110183 3.8227239e-10
-4.2 0.0062129966 0.006212997 4.0871681e-10
-4.1 0.0066523348 0.0066523352 4.37619e-10
-4 0.0071334003 0.0071334007 4.6926619e-10
-3.9 0.0076611762 0.0076611768 5.0398538e-10
-3.8 0.0082413628 0.0082413633 5.42152e-10
-3.7 0.0088804972 0.0088804978 5.8419524e-10
-3.6 0.0095860976 0.0095860983 6.3061376e-10
-3.5 0.010366834 0.010366835 6.8197466e-10
-3.4 0.011232735 0.011232736 7.3893769e-10
-3.3 0.012195432 0.012195433 8.0226487e-10
-3.2 0.01326846 0.013268461 8.7285686e-10
-3.1 0.014467614 0.014467615 9.5174191e-10
-3 0.015811387 0.015811388 1.0401407e-09
-2.9 0.017321502 0.017321503 1.139479e-09
-2.8 0.019023551 0.019023552 1.2514498e-09
-2.7 0.020947788 0.02094779 1.3780367e-09
-2.6 0.023130094 0.023130095 1.5215934e-09
-2.5 0.025613148 0.02561315 1.6849428e-09
-2.4 0.028447882 0.028447883 1.8714176e-09
-2.3 0.031695237 0.031695239 2.085042e-09
-2.2 0.035428332 0.035428334 2.3306213e-09
-2.1 0.039735079 0.039735081 2.613941e-09
-2 0.044721357 0.04472136 2.9419518e-09
-1.9 0.050514794 0.050514797 3.3230821e-09
-1.8 0.05726921 0.057269214 3.7674178e-09
-1.7 0.065169678 0.065169682 4.2871452e-09
-1.6 0.074438048 0.074438053 4.896842e-09
-1.5 0.085338486 0.085338492 5.6139309e-09
-1.4 0.098182121 0.098182127 6.458848e-09
-1.3 0.11332913 0.11332914 7.4552821e-09
-1.2 0.13118532 0.13118533 8.6299309e-09
-1.1 0.1521884 0.15218841 1.0011599e-08
-1 0.17677668 0.1767767 1.1629126e-08
-0.9 0.20532986 0.20532987 1.3507474e-08
-0.8 0.23806974 0.23806976 1.566124e-08
-0.7 0.27491002 0.27491004 1.8084733e-08
-0.6 0.31525473 0.31525475 2.0738809e-08
-0.5 0.35777085 0.35777088 2.3535615e-08
-0.4 0.40020544 0.40020547 2.6327145e-08
-0.3 0.43936983 0.43936986 2.8903538e-08
-0.2 0.47143299 0.47143302 3.1012916e-08
-0.1 0.49259264 0.49259267 3.2404889e-08
-1.0269563e-15 0.49999997 0.5 3.2892047e-08
0.1 0.49259264 0.49259267 3.2404889e-08
0.2 0.47143299 0.47143302 3.1012916e-08
0.3 0.43936983 0.43936986 2.8903538e-08
0.4 0.40020544 0.40020547 2.6327145e-08
0.5 0.35777085 0.35777088 2.3535615e-08
0.6 0.31525473 0.31525475 2.0738809e-08
0.7 0.27491002 0.27491004 1.8084733e-08
0.8 0.23806974 0.23806976 1.5661236e-08
0.9 0.20532986 0.20532987 1.3507474e-08
1 0.17677668 0.1767767 1.1629126e-08
1.1 0.1521884 0.15218841 1.0011599e-08
1.2 0.13118532 0.13118533 8.62993e-09
1.3 0.11332913 0.11332914 7.4552823e-09
1.4 0.098182121 0.098182127 6.4588481e-09
1.5 0.085338486 0.085338492 5.6139308e-09
1.6 0.074438048 0.074438053 4.8968422e-09
1.7 0.065169678 0.065169682 4.2871452e-09
1.8 0.05726921 0.057269214 3.7674178e-09
1.9 0.050514794 0.050514797 3.3230822e-09
2 0.044721357 0.04472136 2.9419519e-09
2.1 0.039735079 0.039735081 2.6139411e-09
2.2 0.035428332 0.035428334 2.3306213e-09
2.3 0.031695237 0.031695239 2.0850419e-09
2.4 0.028447882 0.028447883 1.8714176e-09
2.5 0.025613148 0.02561315 1.6849425e-09
2.6 0.023130094 0.023130095 1.5215935e-09
2.7 0.020947788 0.02094779 1.3780367e-09
2.8 0.019023551 0.019023552 1.2514498e-09
2.9 0.017321502 0.017321503 1.139479e-09
3 0.015811387 0.015811388 1.0401406e-09
3.1 0.014467614 0.014467615 9.5174192e-10
3.2 0.01326846 0.013268461 8.7285687e-10
3.3 0.012195432 0.012195433 8.0226489e-10
3.4 0.011232735 0.011232736 7.3893766e-10
3.5 0.010366834 0.010366835 6.8197463e-10
3.6 0.0095860976 0.0095860983 6.3061371e-10
3.7 0.0088804972 0.0088804978 5.8419524e-10
3.8 0.0082413628 0.0082413633 5.4215201e-10
3.9 0.0076611762 0.0076611768 5.0398539e-10
4 0.0071334003 0.0071334007 4.6926619e-10
4.1 0.0066523348 0.0066523352 4.3761901e-10
4.2 0.0062129966 0.006212997 4.0871682e-10
4.3 0.005811018 0.0058110183 3.822724e-10
4.4 0.0054425611 0.0054425615 3.5803531e-10
4.5 0.0051042457 0.0051042461 3.3577843e-10
4.6 0.0047930873 0.0047930876 3.1530907e-10
4.7 0.004506445 0.0045064453 2.9645281e-10
4.8 0.0042419767 0.004241977 2.7905489e-10
4.9 0.0039976009 0.0039976012 2.6297878e-10
5 0.0037714639 0.0037714641 2.4810236e-10
