10 2.1 0.0068476 -1.66654 0.00132203
10 2.125 0.128279 -1.63967 0.00136325
10 2.15 0.0459112 -1.61591 0.00138783
10 2.175 0.0838648 -1.58705 0.00142238
10 2.2 0.0434728 -1.55561 0.00145146
10 2.225 0.0502172 -1.52845 0.00147277
10 2.25 0.0239308 -1.5011 0.00148752
10 2.275 0.0964044 -1.46879 0.00151175
10 2.3 0.02568 -1.43874 0.00152731
10 2.325 0.0834864 -1.40652 0.00153318
10 2.35 0.0237972 -1.36848 0.00155039
10 2.375 0.0058344 -1.33245 0.00155454
10 2.4 0.0126984 -1.30999 0.00155026
10 2.425 0.0438888 -1.27721 0.00154939
10 2.45 0.0111612 -1.23866 0.00154836
10 2.475 0.0309352 -1.21537 0.00153792
10 2.5 0.0052208 -1.18067 0.00153089
10 2.525 0.0033632 -1.15764 0.00151685
10 2.55 0.0158276 -1.13143 0.00150267
10 2.575 0.0108236 -1.1056 0.0014845
10 2.6 0.0249568 -1.07557 0.00147345
