20 2.1 0.868278 -1.66175 0.00034783
20 2.125 0.642459 -1.63786 0.000356355
20 2.15 0.604948 -1.60902 0.000366469
20 2.175 0.720721 -1.58142 0.000374276
20 2.2 0.151991 -1.549 0.000383577
20 2.225 0.364015 -1.5107 0.000392664
20 2.25 0.189229 -1.47681 0.000398925
20 2.275 0.0001106 -1.43678 0.00040538
20 2.3 0.0702958 -1.39369 0.000411372
20 2.325 0.0096299 -1.35153 0.000414744
20 2.35 0.05115 -1.31343 0.000416148
20 2.375 0.0138929 -1.27206 0.000416348
20 2.4 0.0154216 -1.23429 0.000415167
20 2.425 0.0003435 -1.20429 0.000412742
20 2.45 0.0016998 -1.17241 0.000409679
20 2.475 0.0057555 -1.14259 0.000405094
20 2.5 0.0139308 -1.11547 0.000400326
20 2.525 0.0107595 -1.09408 0.000395454
20 2.55 0.0057511 -1.07147 0.000389563
20 2.575 0.0021744 -1.05021 0.000384112
20 2.6 0.0114022 -1.03162 0.00037838
91
