5 2.1 0.0084912 -1.68113 0.00443228
5 2.125 0.017728 -1.66042 0.00451801
5 2.15 0.0375968 -1.63348 0.00466536
5 2.175 0.016392 -1.62299 0.00466006
5 2.2 0.0360128 -1.59498 0.00476766
5 2.225 0.0298704 -1.57736 0.00480753
5 2.25 0.0344512 -1.55474 0.0048868
5 2.275 0.0600928 -1.52561 0.00495869
5 2.3 0.0092208 -1.50428 0.00498267
5 2.325 0.0299136 -1.48947 0.00497819
5 2.35 0.0091952 -1.45277 0.00506046
5 2.375 0.0044 -1.43345 0.0050826
5 2.4 0.031088 -1.41158 0.00509658
5 2.425 0.007096 -1.38686 0.00510973
5 2.45 0.0013056 -1.36278 0.00512745
5 2.475 0.0034672 -1.3045 0.00511469
5 2.5 0.039256 -1.31222 0.0051428
5 2.525 0.0205744 -1.29353 0.00509542
5 2.55 0.002512 -1.27036 0.00507198
5 2.575 0.0015392 -1.24522 0.00505407
5 2.6 0.0156256 -1.21946 0.00505287
5
