50 2.1 0.869041 -1.66229 5.63044e-05
50 2.125 0.854413 -1.63743 5.78394e-05
50 2.15 0.836624 -1.6103 5.93942e-05
50 2.175 0.812598 -1.57954 6.09694e-05
50 2.2 0.789761 -1.54823 6.2417e-05
50 2.225 0.358328 -1.51168 6.38426e-05
50 2.25 0.480861 -1.46833 6.53535e-05
50 2.275 0.263933 -1.41814 6.67708e-05
50 2.3 0.05283 -1.3594 6.80604e-05
50 2.325 0.0670138 -1.31402 6.84691e-05
50 2.35 0.0242046 -1.27098 6.85714e-05
50 2.375 0.0045549 -1.23667 6.82654e-05
50 2.4 0.00436611 -1.20521 6.77563e-05
50 2.425 0.0116236 -1.17671 6.71137e-05
50 2.45 0.00565114 -1.15193 6.63344e-05
50 2.475 0.000897536 -1.12754 6.55597e-05
50 2.5 0.00593765 -1.10658 6.46772e-05
50 2.525 0.00269139 -1.08525 6.37883e-05
50 2.55 0.000844512 -1.06475 6.29073e-05
50 2.575 0.00500392 -1.04608 6.19442e-05
50 2.6 0.000576768 -1.02842 6.10163e-05
552
