100 2 0.911499 -1.74551 0.125328
100 2.05 0.893652 -1.70782 0.132912
100 2.1 0.870189 -1.66309 0.140816
100 2.15 0.838365 -1.61024 0.149023
100 2.2 0.776342 -1.5448 0.156821
100 2.25 0.688961 -1.46679 0.163947
100 2.3 0.377716 -1.35113 0.171271
100 2.35 0.192345 -1.27269 0.171621
100 2.4 0.095094 -1.20628 0.169611
100 2.45 0.0767626 -1.15092 0.166064
100 2.5 0.063621 -1.10606 0.161867
100 2.55 0.0546672 -1.06609 0.157425
100 2.6 0.0449647 -1.02812 0.152731
100 2.65 0.0439876 -0.995109 0.147886
100 2.7 0.0376909 -0.96335 0.143346
100 2.75 0.0361831 -0.934742 0.138646
100 2.8 0.033829 -0.907869 0.134137
100 2.85 0.031319 -0.884989 0.129866
100 2.9 0.0293837 -0.859957 0.1256
100 2.95 0.0287507 -0.837966 0.121529
100 3 0.0262003 -0.818321 0.117598
