0 0.01 0 5.195512218e-07
0.001 0.009999995161 -9.517412174e-06 5.195511896e-07
0.006 0.009999854717 -4.264607385e-05 5.195455748e-07
0.02179800885 0.009999285596 1.04584675e-05 5.194775594e-07
0.04461211114 0.01000424949 0.0005069960024 5.21328369e-07
0.07799611744 0.01004513986 0.002116167848 5.475188246e-07
0.1215606085 0.01021047128 0.005762572401 7.141813656e-07
0.1742534774 0.01067950623 0.0124486339 1.397704475e-06
0.2320305091 0.01167665137 0.02253940469 3.347846609e-06
0.2927803528 0.01344344626 0.03612165316 7.71798396e-06
0.356942838 0.01630501332 0.05359512805 1.63051356e-05
0.4254854166 0.02071315946 0.07558024648 3.190794979e-05
0.4995898022 0.0273045225 0.1029008214 5.88867882e-05
0.5806872522 0.03699112209 0.1366131283 0.0001040739073
0.6706813769 0.05112276171 0.1781055092 0.0001783870086
0.7709223553 0.07147098994 0.2285455224 0.0002979078755
0.8780841122 0.09902659411 0.2862954266 0.000476761458
0.9917909829 0.1352106644 0.3505388544 0.0007332569418
1.112487952 0.1817291394 0.420444899 0.001089552689
1.241088682 0.2405997121 0.4949506459 0.001572100531
1.375622671 0.3123246994 0.5707865519 0.002195400856
1.51015666 0.3939903049 0.6423994648 0.002940205426
1.644690649 0.484901944 0.7079611244 0.00380193937
1.78162573 0.5859816722 0.7669441238 0.004789595995
1.9224394 0.6977066285 0.8182474034 0.005906793828
2.069010434 0.8208936502 0.8607869588 0.0071585356
2.223912642 0.9569221094 0.8934271957 0.008552585044
2.391259678 1.10842292 0.9148720236 0.01010454349
2.563827468 1.267204343 0.9231394792 0.01171227225
2.736395259 1.426323269 0.9191080897 0.01328408822
2.90896305 1.583829197 0.9047825732 0.01477977863
3.08153084 1.738116199 0.8821080165 0.01616438662
3.254098631 1.887892209 0.852746412 0.01740923383
3.426666422 2.032116788 0.8179353565 0.01849243731
3.599234213 2.169921437 0.7784253715 0.01939909461
3.783954578 2.309430826 0.7312162693 0.02016517212
3.988153636 2.452898476 0.6728083425 0.02076572196
4.242004134 2.613399189 0.5895583908 0.02117197677
4.439443051 2.722585622 0.5148523024 0.02126052313
4.636881969 2.816004735 0.4295324382 0.02119487274
4.800936375 2.880008362 0.3492096176 0.02106231605
4.964990781 2.930050881 0.2591475255 0.0208995073
5.102423397 2.960002509 0.1754060175 0.02077122204
5.239856012 2.977886724 0.0834316176 0.02067945917
5.351000809 2.982723131 0.002605706651 0.02065139956
5.462145605 2.978239581 -0.08433013757 0.02068083926
5.575757263 2.963298238 -0.179842591 0.02078553984
5.696577837 2.935047725 -0.2891651921 0.02099579652
5.823532806 2.89057158 -0.4130750645 0.02134308023
5.954736381 2.827421074 -0.5513222997 0.02185282706
6.088484524 2.74364358 -0.7033377764 0.02254039533
6.222232668 2.638769286 -0.8668170001 0.02339986062
6.355980811 2.511263917 -1.041702139 0.02442332414
6.489728955 2.359636567 -1.227351695 0.02559052783
6.623477098 2.182540606 -1.422180786 0.02686720864
6.760068794 1.974307739 -1.62751352 0.02823317121
6.902550644 1.727042058 -1.842904844 0.02965373606
7.060258079 1.418109791 -2.07212844 0.03111892707
7.194144225 1.128667125 -2.247630389 0.03219224682
7.328030372 0.817575594 -2.393584605 0.03305029855
7.435758153 0.5546982837 -2.481990577 0.03356411184
7.530867686 0.3159436768 -2.534395758 0.03388621672
7.614315566 0.1032905916 -2.558845278 0.03407426434
7.697763445 -0.1105424917 -2.562681339 0.03418438012
7.781211325 -0.3238496486 -2.546400769 0.03422895381
7.873000848 -0.5559352707 -2.506948953 0.03421781736
7.977095333 -0.8135320924 -2.438541669 0.03414837934
8.100293845 -1.107650454 -2.332343675 0.03401165194
8.223492357 -1.387479737 -2.208235964 0.03383201779
8.349169921 -1.656553376 -2.073046633 0.0336091461
8.485054987 -1.928267243 -1.926826685 0.03331636138
8.652484489 -2.236479675 -1.757670305 0.03285980186
8.785685681 -2.462419934 -1.637124657 0.03240136718
8.918886874 -2.67326026 -1.531088416 0.03184291708
9.052088067 -2.870957401 -1.439696245 0.03117295796
9.18528926 -3.057406489 -1.361967933 0.03038295154
9.318490452 -3.234321744 -1.296227186 0.02946717704
9.451691645 -3.403165163 -1.240404843 0.02842266684
9.588204106 -3.569054841 -1.191125595 0.027218589
9.732201029 -3.737204535 -1.145127515 0.02580594903
9.886165099 -3.909978484 -1.099567581 0.02414434757
10.05164276 -4.087940533 -1.051102097 0.02220640387
10.22705365 -4.26758938 -0.9963164266 0.02001951658
10.40572568 -4.440099987 -0.9332217844 0.01771048754
10.5843977 -4.600463727 -0.8599786639 0.01539415422
10.76306972 -4.746708768 -0.7750376995 0.01315544444
10.94174175 -4.876710874 -0.6782573303 0.01108142482
11.12041377 -4.988449032 -0.5709265972 0.009252365638
11.29908579 -5.08025242 -0.4556442705 0.007732890429
11.47775782 -5.151013479 -0.3360649623 0.006564846814
11.65642984 -5.200346507 -0.2165511724 0.005763164118
11.83957826 -5.229129014 -0.09901066982 0.00530833144
12.02721393 -5.237178825 0.0110396284 0.005185474017
12.2148496 -5.225946517 0.1057617272 0.005344291795
12.40248527 -5.198706177 0.1810633155 0.005704914445
12.59012094 -5.159411065 0.2338169201 0.006183262021
12.77775661 -5.112505533 0.2619144891 0.006699917263
12.98615535 -5.057265343 0.262856569 0.007237060369
13.2518013 -4.992323456 0.2174194872 0.007765723477
13.51744725 -4.946265683 0.1210654694 0.008059117195
13.67168252 -4.933417536 0.04291031169 0.008122600306
13.8304281 -4.934051992 -0.05352245559 0.008121485362
13.98917367 -4.951209754 -0.165050448 0.008074556125
14.14791925 -4.98717647 -0.2902161967 0.008009159921
14.30666483 -5.043972416 -0.427108693 0.007956165088
14.4654104 -5.12326786 -0.5732007427 0.007947790204
14.62415598 -5.226271849 -0.7251828464 0.008015524006
14.78290156 -5.353597257 -0.8788396623 0.008188355693
14.94862111 -5.512312848 -1.035465911 0.008508156294
15.14312368 -5.730567909 -1.205418438 0.009095997065
15.32069578 -5.956801849 -1.338399949 0.009855440341
15.49826787 -6.204168434 -1.4423317 0.0108408443
15.67583997 -6.467009544 -1.512129415 0.01205489245
15.85341206 -6.739086711 -1.546497989 0.01348728268
16.04157295 -7.030700894 -1.547603306 0.01521422746
16.20072192 -7.275503285 -1.525893264 0.01680683889
16.35987089 -7.515645625 -1.490173346 0.01847945214
16.51901987 -7.749441838 -1.447264881 0.02018928791
16.68279322 -7.982754074 -1.402330773 0.02194272878
16.8793896 -8.253649865 -1.355435808 0.02397973168
17.03545722 -8.462939765 -1.328399581 0.02550327691
17.19152484 -8.668907527 -1.313197563 0.02691213265
17.34759246 -8.873533108 -1.311387491 0.0281780098
17.50366008 -9.078974529 -1.323715751 0.02927087782
17.6597277 -9.287449904 -1.350215674 0.03015631863
17.81800277 -9.504197611 -1.390871154 0.03080038781
18.00150125 -9.764919977 -1.453280634 0.03116002827
18.17598289 -10.02454185 -1.524075984 0.03103692601
18.35046453 -10.29707669 -1.600118001 0.03037588461
18.52494617 -10.58274559 -1.672997316 0.02910198975
18.68618841 -10.85716727 -1.728007102 0.02733869947
18.8236108 -11.09689697 -1.757686163 0.02539152065
18.96103318 -11.33921439 -1.764598176 0.02306812892
19.08232307 -11.55241914 -1.746989761 0.02075599765
19.20361295 -11.76196162 -1.703771022 0.01826633371
19.32490283 -11.96460398 -1.633011308 0.01568045836
19.44619271 -12.15696507 -1.534303859 0.01308954279
19.56748259 -12.33571 -1.40880533 0.01058699024
19.68877247 -12.49773106 -1.25906106 0.008260643833
19.81006235 -12.64029712 -1.088669985 0.006186165978
19.93135223 -12.76115696 -0.9018783234 0.004422490199
20.05264211 -12.85859378 -0.7031931899 0.003009624673
20.17393199 -12.93143748 -0.4970817419 0.001968546507
20.29522187 -12.97904736 -0.2877841715 0.001302622442
20.39843132 -12.99956701 -0.1101302253 0.001022856382
20.50164076 -13.00187667 0.06472782933 0.0009917087113
20.6048502 -12.98637482 0.2346816924 0.001189268089
20.72000205 -12.94881172 0.4160751067 0.001650137877
20.85282736 -12.88039882 0.611237544 0.002449274869
21.01375307 -12.76463827 0.8223580472 0.003717182089
21.21150282 -12.58002225 1.035630877 0.005573364242
21.40925258 -12.35891649 1.190348063 0.007584532188
21.60700233 -12.11336458 1.282686774 0.009596265479
21.8069478 -11.85273649 1.314438166 0.01151216452
21.95778917 -11.65506375 1.301657473 0.01282723052
22.10863053 -11.46138592 1.262303744 0.01400261711
22.2594719 -11.27532632 1.201509591 0.01502238061
22.41031327 -11.09973742 1.124261732 0.01587769395
22.56115463 -10.93676402 1.034888456 0.01656627223
22.711996 -10.78796805 0.936756481 0.01709207335
22.86283736 -10.65448359 0.8321703157 0.01746505594
23.02605744 -10.5282889 0.7132087667 0.01771474249
23.21408573 -10.40759945 0.5692808314 0.01783860141
23.38681899 -10.32119003 0.4299896485 0.01784010401
23.55955226 -10.25951883 0.2825834207 0.01778227137
23.69477163 -10.22949548 0.1604021681 0.01772909807
23.81302129 -10.21712541 0.04787787188 0.01769940808
23.93127094 -10.21840658 -0.07058638167 0.01770390014
24.04952059 -10.23407586 -0.1955635733 0.01775975276
24.17450878 -10.26716674 -0.3352858896 0.0178923548
24.30590144 -10.32135318 -0.4910604694 0.01813102605
24.44167324 -10.3995035 -0.6617869172 0.01850008641
24.58021208 -10.50382823 -0.8458840988 0.01901496143
24.7208639 -10.63648689 -1.041814016 0.01968188872
24.86435862 -10.80075248 -1.248538558 0.02050182811
25.01390722 -11.00378343 -1.466644121 0.02148168348
25.18086683 -11.26866275 -1.704323216 0.02268018009
25.32862577 -11.53511596 -1.898786847 0.02378476393
25.47638471 -11.82846845 -2.066450869 0.0248890813
25.60436617 -12.10061857 -2.181163491 0.02582453994
25.73234764 -12.38528077 -2.261161533 0.02673401921
25.8603291 -12.67776137 -2.303052009 0.02762187802
25.99881611 -12.99737876 -2.305650894 0.02857002728
26.13730413 -13.314537 -2.26870043 0.02951660886
26.27807295 -13.62935493 -2.199793356 0.03048002649
26.41884176 -13.93292233 -2.110875206 0.03143383343
26.55961058 -14.22326478 -2.013787781 0.03235440882
26.70393275 -14.50680094 -1.916610031 0.03323047356
26.85545706 -14.7901797 -1.8264071 0.03403570502
27.00698137 -15.06123159 -1.754719337 0.034681138
27.14015803 -15.29173145 -1.709773847 0.03508332395
27.27333468 -15.51742093 -1.68247939 0.03530141096
27.40651134 -15.74062502 -1.672261451 0.03530583463
27.54724974 -15.97620809 -1.678207416 0.03504327
27.70721209 -16.24635114 -1.70195137 0.03436190425
27.88592727 -16.55397172 -1.742212654 0.03305027033
28.0674986 -16.87436076 -1.786197236 0.03105608431
28.23036574 -17.16790545 -1.815909579 0.02867313873
28.36717272 -17.41714075 -1.824524275 0.02625318867
28.50397969 -17.66609511 -1.810679688 0.02350009821
28.64078667 -17.91126369 -1.768293489 0.02049402093
28.76021546 -18.11890173 -1.70456127 0.01774829385
28.87964425 -18.31735932 -1.614461626 0.01497929194
28.99907304 -18.50348556 -1.498222679 0.01227837244
29.11850184 -18.67424697 -1.357553228 0.009734420687
29.23793063 -18.82689041 -1.195383813 0.007426818857
29.35735942 -18.95906753 -1.015496595 0.00542007701
29.47678821 -19.06891281 -0.8221321639 0.003760678735
29.596217 -19.15507721 -0.6196491295 0.0024761211
29.71564579 -19.21672662 -0.4122815031 0.001575721445
29.83507458 -19.25351798 -0.2040044203 0.001052599103
29.93306456 -19.26520612 -0.03502518799 0.0008911355225
30.03105453 -19.26050489 0.1302022221 0.0009532199076
30.13690854 -19.23754058 0.30243007 0.001247542077
30.25850648 -19.18925667 0.4895882721 0.001839163467
30.40129726 -19.10471286 0.6909044222 0.00281651858
30.58893787 -18.95303345 0.9180823052 0.004434786777
30.7873785 -18.75143537 1.103758563 0.00637963761
30.98581912 -18.51909567 1.227275868 0.008387807957
31.18425975 -18.26854508 1.28760616 0.01031896091
31.34285901 -18.06341002 1.293305039 0.01173926528
31.50628897 -17.85394511 1.264705277 0.0130486299
31.65042196 -17.67497677 1.215299779 0.01405444968
31.79455495 -17.50448215 1.147845675 0.01491087235
31.93868794 -17.34476123 1.066438186 0.01561463399
32.08282093 -17.19756841 0.974510011 0.01616791301
32.22857549 -17.06280518 0.8734946187 0.01658188767
32.38066576 -16.93840404 0.7613566562 0.01687157162
32.54389812 -16.82439141 0.6345046556 0.01704342523
32.72994502 -16.72039818 0.4819665902 0.01710317734
32.90041105 -16.65072967 0.3340148061 0.01707607321
33.04961317 -16.61101914 0.1970295006 0.01702712014
33.17814093 -16.59362643 0.07254921125 0.01699370425
33.3066687 -16.59265957 -0.05868950666 0.0169920304
33.43519647 -16.60903171 -0.1973658683 0.0170440128
33.56543145 -16.64432558 -0.3460445667 0.01717230005
33.7005038 -16.70198798 -0.5093097935 0.01740530728
33.83925916 -16.78485015 -0.6866518166 0.01776689901
33.98051152 -16.89514964 -0.8765609251 0.01827224932
34.12412482 -17.03539334 -1.077646289 0.01892877838
34.27173589 -17.2100597 -1.289406759 0.01974239153
34.42892696 -17.43048896 -1.514445913 0.02073676463
34.59875936 -17.70763877 -1.746268011 0.02191354631
34.73900117 -17.96487019 -1.918313766 0.0229272712
34.87924299 -18.24440082 -2.062710971 0.02395124494
35.0194848 -18.54172394 -2.170765859 0.02497108158
35.15972662 -18.85127518 -2.236395257 0.0259853979
35.29996843 -19.16691733 -2.257723073 0.02700228512
35.46766641 -19.54392645 -2.229650835 0.02823488038
35.60069167 -19.83710588 -2.174158899 0.02922756584
35.73371694 -20.12149256 -2.099064249 0.03022363464
35.8667422 -20.39512294 -2.014018355 0.03120355391
36.00593717 -20.6691609 -1.924014263 0.03218298447
36.173915 -20.98384986 -1.825481361 0.0332550614
36.31362688 -21.23404238 -1.758778504 0.03401506808
36.45333877 -21.4761156 -1.709645463 0.03462027537
36.59305065 -21.71264751 -1.679561364 0.03503811756
36.73276254 -21.94631055 -1.668449962 0.03523477762
36.87247443 -22.17967326 -1.674932321 0.03517371271
37.02682431 -22.43988303 -1.699439483 0.03475872491
37.20731159 -22.75047364 -1.744420725 0.03373788685
37.38779887 -23.06998847 -1.796171161 0.0320614263
37.57482831 -23.41042842 -1.841428694 0.02957691796
37.71300544 -23.66627211 -1.858585675 0.02725621983
37.85118257 -23.9230213 -1.853294777 0.02456530701
37.97240634 -24.14620165 -1.824735932 0.02195902621
38.09363011 -24.3643696 -1.770131782 0.01919903217
38.21485389 -24.5742307 -1.687495499 0.01637405474
38.33607766 -24.77235312 -1.576564917 0.0135813737
38.45730143 -24.95537804 -1.438783245 0.01091831728
38.57852521 -25.12021322 -1.277046853 0.00847398021
38.69974898 -25.26418537 -1.095295174 0.006322597335
38.82097275 -25.38513857 -0.898049524 0.004519405364
38.94219653 -25.48147892 -0.6900001539 0.003099100018
39.0634203 -25.55217547 -0.4757052971 0.002076437829
39.18464407 -25.59673266 -0.2594222653 0.001448277523
39.28704142 -25.61399079 -0.07807355034 0.001211920809
39.38943877 -25.61284276 0.09973330102 0.001226414349
39.49463328 -25.59298911 0.2765751697 0.00147870175
39.6147304 -25.54812253 0.4686166098 0.00202458585
39.75549762 -25.46728044 0.6765456474 0.002954144084
39.93808967 -25.32162192 0.9117836844 0.004504128205
40.11005325 -25.14879885 1.090817471 0.006183441539
40.28201684 -24.94913118 1.22334687 0.007950216234
40.45398042 -24.73086384 1.307017674 0.009703420204
40.64171862 -24.48116979 1.343864578 0.011511836
40.79599319 -24.27407917 1.335442789 0.01286682325
40.95026775 -24.07064726 1.297350184 0.01407490978
41.10454232 -23.87501424 1.235312191 0.01511925233
41.25881688 -23.69043092 1.155007856 0.01599076423
41.41309144 -23.51931858 1.061424469 0.01668733843
41.56736601 -23.36340939 0.9584647788 0.0172135112
41.72164057 -23.22392751 0.8488075833 0.01758024772
41.88562086 -23.09468778 0.7265808113 0.01781450997
42.07689217 -22.96987205 0.5773179108 0.0179218633
42.24658345 -22.88360486 0.4383099395 0.01790969526
42.41627473 -22.82154075 0.2918018192 0.01784320501
42.55070909 -22.79047719 0.1692978895 0.01778458461
42.66903207 -22.77709581 0.05596880105 0.01775097575
42.78735505 -22.7774618 -0.06317536169 0.01775274562
42.90567802 -22.79229877 -0.1887257087 0.01780714147
43.0296616 -22.82423257 -0.3277116731 0.01793811521
43.16006435 -22.87696512 -0.4825616566 0.01817499081
43.29507894 -22.95347867 -0.6524719394 0.01854262022
43.43307364 -23.05606495 -0.8359348966 0.01905699568
43.57329237 -23.18688657 -1.031400803 0.01972462113
43.71630827 -23.34908555 -1.237755933 0.02054608877
43.86504271 -23.54936512 -1.455372931 0.02152658547
44.02965614 -23.80850257 -1.691263492 0.0227162044
44.17934494 -24.07683656 -1.890531925 0.02384359842
44.32903373 -24.37315235 -2.063072754 0.02496999995
44.45694013 -24.64486423 -2.180236955 0.0259090568
44.58484654 -24.92941015 -2.262896754 0.02681895361
44.71275294 -25.22211108 -2.307416414 0.02770349256
44.84970858 -25.53897043 -2.312683457 0.02863410934
44.98675147 -25.85397383 -2.278491667 0.02956031822
45.12878053 -26.17307932 -2.210426798 0.03051936496
45.27080958 -26.4808493 -2.120951552 0.03146808167
45.41283864 -26.77512269 -2.022340869 0.0323834331
45.5548677 -27.05539554 -1.925418441 0.03323348139
45.70870187 -27.3441996 -1.831986361 0.03403934018
45.86253604 -27.62001089 -1.757378962 0.03468189756
45.99563962 -27.85063956 -1.710941059 0.0350724517
46.12874321 -28.07625899 -1.682116881 0.03527996067
46.26184679 -28.29919003 -1.670362664 0.03527519107
46.40200336 -28.5334188 -1.67466724 0.03500640619
46.5603151 -28.80005201 -1.696345363 0.0343297118
46.73782493 -29.10441135 -1.73450772 0.03303414322
46.92068098 -29.42555818 -1.777506978 0.03103965323
47.08618388 -29.72239938 -1.807047535 0.02862889653
47.22376166 -29.9718036 -1.81546301 0.02620241347
47.36133944 -30.22091089 -1.80159738 0.02344107577
47.49891722 -30.4662164 -1.75929708 0.0204252278
47.61851485 -30.67309525 -1.695989678 0.01768186777
47.73811248 -30.8708439 -1.606515856 0.01491500749
47.85771012 -31.05632842 -1.491058639 0.01221568216
47.97730775 -31.22652665 -1.351275346 0.009672619053
48.09690538 -31.37869103 -1.190047128 0.007365211648
48.21650302 -31.51047394 -1.011116087 0.005358115599
48.33610065 -31.62000732 -0.8186965468 0.00369803354
48.45569828 -31.70593803 -0.6171358598 0.002412688656
48.57529592 -31.76742811 -0.4106702307 0.001511576763
48.69489355 -31.80413224 -0.2032870313 0.0009879147909
48.79262947 -31.81578881 -0.03571451598 0.0008263338478
48.89036539 -31.81123512 0.1281261072 0.0008866774089
48.99581969 -31.78866459 0.2986929578 0.001177053234
49.11688776 -31.74116107 0.4839312685 0.001761489952
49.25881978 -31.6581005 0.6828797386 0.002726039875
49.4432331 -31.51097958 0.9052662772 0.004304701213
49.6435357 -31.30991574 1.092228705 0.00625644281
49.8438383 -31.07764187 1.21624613 0.008274462553
50.04414091 -30.82696547 1.276295501 0.01021390985
50.20279668 -30.62360222 1.281399213 0.01162557127
50.36605912 -30.41632629 1.252472417 0.01292347602
50.52932155 -30.2161992 1.194881843 0.01404108685
50.67238685 -30.05001305 1.125815568 0.01486217639
50.81545214 -29.89470265 1.043438347 0.01553294091
50.95851743 -29.75193432 0.9509498814 0.01605648896
51.10452849 -29.62047083 0.8486064722 0.0164474743
51.25709306 -29.49960021 0.7348510801 0.01671616424
51.42082324 -29.38973606 0.6060382563 0.01686952727
51.6073509 -29.29101751 0.4509110675 0.01691516359
51.7764382 -29.22726059 0.3017642447 0.01688379727
51.92328384 -29.19292424 0.1646163557 0.01683869507
52.04769884 -29.18000232 0.04207719837 0.01681328539
52.17211384 -29.1827233 -0.08694981719 0.0168210957
52.29652883 -29.20193125 -0.223043023 0.01688173514
52.42757666 -29.24099349 -0.3745340845 0.0170226111
52.56408066 -29.30340872 -0.5415165375 0.0172724357
52.70406941 -29.39176313 -0.7223685027 0.01765349038
52.84641771 -29.50822766 -0.9153671448 0.01817939284
52.99134659 -29.65559205 -1.119232641 0.01885722926
53.14120531 -29.83939014 -1.333941775 0.01969573134
53.30386454 -30.07519935 -1.564207649 0.02073367416
53.46400915 -30.34303743 -1.777471863 0.0218433125
53.60143243 -30.59873495 -1.939845702 0.0228316484
53.73885571 -30.87489933 -2.073916393 0.02383081295
53.87627899 -31.16709074 -2.171991122 0.02483031756
54.01370228 -31.46997999 -2.229081448 0.02583087411
54.15112556 -31.77781699 -2.24421166 0.02684038313
54.29549882 -32.10045398 -2.218803061 0.02791910291
54.44352489 -32.42474354 -2.157775338 0.02904455873
54.59155096 -32.73812635 -2.073632637 0.03017508291
54.73957703 -33.03815189 -1.979408817 0.03128177463
54.8876031 -33.32421527 -1.886732439 0.03232676357
55.0426117 -33.60983974 -1.801159944 0.03331034474
55.1976203 -33.88357156 -1.734169517 0.03413517483
55.3315646 -34.11298474 -1.694231912 0.03468575569
55.4655089 -34.33822333 -1.671865831 0.03505564492
55.5994532 -34.56162705 -1.666677365 0.03521441831
55.74071939 -34.79769504 -1.678206947 0.0351166084
55.90158047 -35.06990566 -1.708911627 0.03462075539
56.07455541 -35.36942459 -1.755898036 0.03356023451
56.25164421 -35.6850423 -1.808247053 0.03183605042
56.42224303 -35.99728292 -1.849589123 0.02952268346
56.55937251 -36.2522905 -1.866454887 0.02720568756
56.696502 -36.50813252 -1.860544581 0.02452367198
56.81732189 -36.73139609 -1.831126026 0.02191827147
56.93814178 -36.94954509 -1.775429722 0.01916215673
57.05896167 -37.15927401 -1.691570685 0.01634432035
57.17978156 -37.35715307 -1.579392503 0.013561862
57.30060145 -37.53983755 -1.440432602 0.01091150201
57.42142135 -37.70425842 -1.277657441 0.008481406789
57.54224124 -37.84777081 -1.095045672 0.006344728453
57.66306113 -37.96824838 -0.8971267375 0.004555643265
57.78388102 -38.06412424 -0.6885727745 0.00314795484
57.90470091 -38.13438918 -0.4739051744 0.002135788154
58.0255208 -38.1785624 -0.2573335831 0.001515665927
58.12803641 -38.19557339 -0.07495768201 0.001283674626
58.23055202 -38.19405342 0.1038424661 0.001302995099
58.33635609 -38.17355414 0.2824782157 0.001562296579
58.45728511 -38.12753312 0.4766320828 0.002119436784
58.59933609 -38.04462462 0.6871654456 0.003067417157
58.78642066 -37.8928092 0.9282605751 0.004671163956
58.95652138 -37.71927634 1.10480203 0.00634374273
59.12662211 -37.51955643 1.235534592 0.008098308987
59.29672284 -37.30167757 1.318197184 0.009837938211
59.48297352 -37.05190535 1.354866056 0.01163866501
59.63722248 -36.84314464 1.346516702 0.0129999578
59.79147144 -36.63804057 1.308382408 0.01421498785
59.94572041 -36.44074435 1.246267075 0.01526682834
60.09996937 -36.25450533 1.165932463 0.01614616632
60.25421833 -36.08173121 1.072440542 0.01685055629
60.40846729 -35.9241303 0.9697533665 0.01738412267
60.56271626 -35.78289518 0.860591365 0.01775737965
60.72780364 -35.65084545 0.7383055605 0.01799824817
60.92366214 -35.52097577 0.5866423979 0.01810920862
61.09112956 -35.43402444 0.4507315182 0.01809529107
61.25859699 -35.3704024 0.3077792832 0.01802620159
61.39341218 -35.33701786 0.186467798 0.01796260596
61.52822737 -35.32042077 0.05857482339 0.01791998536
61.66304256 -35.32156291 -0.07685102392 0.01792463872
61.79785775 -35.34152069 -0.2206961713 0.01800204994
61.93267295 -35.38148154 -0.3737071573 0.01817558402
62.06748814 -35.44271884 -0.5363939092 0.01846494388
62.20370884 -35.52754919 -0.7107452138 0.01888952443
62.34201669 -35.63866211 -0.8975695789 0.01946396027
62.48240226 -35.77850023 -1.095916163 0.02019242675
62.62597232 -35.95079874 -1.30500819 0.0210743069
62.7766319 -36.16408127 -1.526002375 0.02211834746
62.9495807 -36.44943304 -1.771166173 0.02341000575
63.09184685 -36.71474405 -1.954944419 0.02449719011
63.23411301 -37.00437681 -2.111295639 0.02556796549
63.37637916 -37.31368884 -2.230045884 0.02660033851
63.51864532 -37.63674466 -2.303565491 0.0275899708
63.66091147 -37.96682878 -2.328802545 0.02854732577
63.81812553 -38.33166176 -2.303850592 0.02958703814
63.95090915 -38.63412609 -2.247296176 0.0304601193
64.08369277 -38.92746937 -2.16816321 0.03132588046
64.21647638 -39.20937572 -2.076728796 0.03216990049
64.35199081 -39.48427572 -1.980706674 0.03298480469
64.50901071 -39.78697107 -1.876953137 0.0338314382
64.65057452 -40.04687734 -1.797687206 0.03446691189
64.79213833 -40.29679206 -1.736275931 0.03494548983
64.93370214 -40.53939792 -1.694574016 0.03523355686
65.07526595 -40.77750725 -1.672626767 0.0352969818
65.21682976 -41.01383208 -1.669018209 0.03509973603
65.36652002 -41.26445931 -1.682173947 0.03456505443
65.55271807 -41.58059329 -1.715927457 0.03336322918
65.74555598 -41.91563949 -1.759081256 0.03141204659
65.93839389 -42.25849161 -1.793794743 0.02869258694
66.07753037 -42.50890479 -1.802698896 0.02626469313
66.21666685 -42.75912156 -1.789803377 0.02349467856
66.33902708 -42.97625565 -1.755347195 0.02083847081
66.46138731 -43.18766753 -1.695847628 0.0180535212
66.58374754 -43.39016826 -1.609531739 0.015228608
66.70610776 -43.58045163 -1.496269805 0.01245967906
66.82846799 -43.75529567 -1.357544861 0.009841612597
66.95082822 -43.9117472 -1.196212467 0.00746029555
67.07318845 -44.04726743 -1.016120479 0.005386338804
67.19554868 -44.15982741 -0.8216851097 0.003671183281
67.3179089 -44.24795354 -0.6175115061 0.002345687863
67.44026913 -44.31073244 -0.4081148078 0.001420783157
67.56262936 -44.34778888 -0.1977584654 0.0008895422965
67.66126561 -44.35900675 -0.03019011973 0.0007333593116
67.75990187 -44.35387213 0.1335023941 0.0008017239962
67.86579756 -44.33070003 0.3028658161 0.001100883019
67.98714094 -44.28269776 0.4861660972 0.001693342866
68.12931641 -44.19936032 0.6824977733 0.002663942768
68.31385084 -44.05257029 0.900986467 0.004243277191
68.51573628 -43.85109011 1.084758465 0.006202929733
68.71762172 -43.61886927 1.204925632 0.008221853487
68.91950715 -43.36891396 1.260834111 0.01015363378
69.07833258 -43.1680451 1.26281232 0.01154384863
69.24011495 -42.9658428 1.231771596 0.01280441228
69.40189732 -42.77097509 1.17314679 0.01388620845
69.56367969 -42.58741933 1.092889777 0.01477814973
69.72546206 -42.41823167 0.9963295716 0.01547865625
69.88724443 -42.26569182 0.8876794417 0.01599483245
70.0490268 -42.13150323 0.7698388032 0.01634188448
70.21080917 -42.01700524 0.6444310591 0.01654252676
70.38238917 -41.91839004 0.5037385517 0.0166283195
70.59074753 -41.83217726 0.321619468 0.01661723135
70.74348986 -41.79382781 0.1791588136 0.01657578229
70.87302589 -41.77881544 0.05152054732 0.01654929576
71.00256193 -41.7807818 -0.08309905624 0.01655489281
71.13209796 -41.80067253 -0.2253207865 0.01661466855
71.26575959 -41.84106518 -0.3805458849 0.01675469344
71.40398403 -41.90529444 -0.5503798341 0.01700320213
71.54528725 -41.99589674 -0.7335578374 0.01738221119
71.68881876 -42.11507786 -0.9284840375 0.01790536353
71.83511143 -42.26587957 -1.134044053 0.01858071031
71.9870895 -42.45468567 -1.350642284 0.01942042397
72.15478972 -42.70098759 -1.585073934 0.02047848262
72.30915227 -42.96144053 -1.786140715 0.02153571787
72.44535464 -43.21562439 -1.942197434 0.02250551028
72.58155701 -43.48920001 -2.06956522 0.02349096718
72.71775938 -43.7777575 -2.161204756 0.0244840388
72.85396175 -44.07609996 -2.212834512 0.02548642918
72.99428892 -44.38787659 -2.223802233 0.02653655179
73.13220972 -44.69312048 -2.196892325 0.02759196392
73.27769144 -45.00867564 -2.136619595 0.02872780039
73.42317315 -45.31376693 -2.055087538 0.02987074465
73.56865487 -45.60619031 -1.964422763 0.03099201116
73.71413659 -45.88542686 -1.875424764 0.03205510867
73.86954442 -46.17017372 -1.791688381 0.03308249176
74.02495226 -46.4432745 -1.726431163 0.03395262225
74.15912111 -46.67213299 -1.687957064 0.03454297386
74.29328995 -46.89700237 -1.667003273 0.03495383985
74.4274588 -47.12022233 -1.663221216 0.0351546424
74.56891416 -47.35622461 -1.676275716 0.03510202093
74.73003154 -47.62870583 -1.708846537 0.03465790604
74.90271623 -47.92788518 -1.757884411 0.03365591343
75.07888159 -48.2423938 -1.812413872 0.03199891244
75.27029591 -48.59425945 -1.86055775 0.02941822795
75.40517552 -48.84651989 -1.87673336 0.02711885665
75.54005513 -49.09949257 -1.869962418 0.02446627482
75.67493474 -49.34964167 -1.833939757 0.02153602995
75.79353425 -49.56388817 -1.774471882 0.01881374122
75.91213377 -49.76945046 -1.687381027 0.01604542737
76.03073328 -49.96304522 -1.572819528 0.01332418121
76.14933279 -50.14150206 -1.432508777 0.01074146218
76.2679323 -50.30193489 -1.269461758 0.008379712958
76.38917655 -50.44474275 -1.083343039 0.006264179626
76.51166898 -50.5651258 -0.8800716577 0.004487102376
76.63416141 -50.65992136 -0.6663687068 0.003104981313
76.75665384 -50.72814233 -0.4469291711 0.002130223032
76.87914627 -50.76935565 -0.2260902621 0.001556997077
76.97989165 -50.78304871 -0.04620611991 0.001372059053
77.08063703 -50.77879199 0.1299232238 0.00142686506
77.18852664 -50.75487202 0.3122235531 0.001726190003
77.31267423 -50.70362948 0.5110931779 0.002338714391
77.45982203 -50.61221824 0.7274642825 0.003367916438
77.6704825 -50.43013858 0.9912662872 0.005245740911
77.84099279 -50.2462972 1.15752352 0.00696323294
78.01150308 -50.03808829 1.276568424 0.008734313953
78.18201337 -49.81373548 1.346916986 0.0104680762
78.35296935 -49.58081505 1.37050792 0.01210062081
78.50527063 -49.37279463 1.356041587 0.01342638853
78.65757192 -49.16919019 1.313450285 0.01460656102
78.8098732 -48.97385015 1.248480093 0.01562614385
78.96217449 -48.7897515 1.166710879 0.01647702782
79.11447577 -48.61907333 1.072961699 0.01715743027
79.26677706 -48.46334213 0.9709478501 0.01767170313
79.4212344 -48.32175102 0.8616190832 0.01803423116
79.59049243 -48.18641926 0.7366774605 0.01826768512
79.80554407 -48.04568296 0.5708027294 0.01836421491
79.96558553 -47.96460771 0.4414270686 0.01833362944
80.12562699 -47.90472892 0.3056826531 0.01825764027
80.25839722 -47.87194647 0.1871592343 0.01818991446
80.39116745 -47.85531176 0.0622822902 0.01814459369
80.52393768 -47.85573045 -0.06987874758 0.01814690315
80.65670791 -47.87422851 -0.2101954295 0.01822132248
80.78947813 -47.9119402 -0.3594160743 0.01839038412
80.92224836 -47.97008652 -0.5180825755 0.01867324714
81.05716725 -48.05141841 -0.6892173483 0.01909183302
81.194432 -48.15854525 -0.8732708896 0.01966126222
81.33373663 -48.29374495 -1.069171399 0.02038578865
81.47578291 -48.46023788 -1.275922581 0.02126328455
81.62355418 -48.66489163 -1.493939722 0.02229639441
81.7873932 -48.92918402 -1.730437515 0.02353433223
81.93532278 -49.20006932 -1.928446435 0.02468211061
82.08325237 -49.49840354 -2.099493531 0.02581147274
82.21014805 -49.7725279 -2.215616176 0.02674192947
82.33704373 -50.05922823 -2.296846612 0.02762941646
82.4639394 -50.35381343 -2.33955861 0.02847856355
82.6001216 -50.67310703 -2.342482701 0.02936057776
82.73358591 -50.98373797 -2.306601006 0.03020954948
82.87437399 -51.30384757 -2.236137157 0.03109566133
83.01516207 -51.61236139 -2.143961459 0.0319654938
83.15595014 -51.90709669 -2.042374518 0.03279856069
83.29673822 -52.18751631 -1.942215086 0.03356494871
83.45100471 -52.47934915 -1.84395051 0.03428788253
83.6052712 -52.75741881 -1.764681709 0.03484495443
83.73798606 -52.98810375 -1.714629567 0.03515817007
83.87070092 -53.21331061 -1.682125699 0.03528883395
84.00341578 -53.43534149 -1.666576914 0.03520861544
84.14278934 -53.66744558 -1.666697356 0.0348646164
84.29900894 -53.92890983 -1.683169589 0.03411854821
84.48469989 -54.2444641 -1.717292988 0.03266915868
84.67039084 -54.56690832 -1.754983571 0.03054442253
84.83411534 -54.85639458 -1.778742416 0.02808863417
84.97218978 -55.10248819 -1.782806299 0.02561309823
85.11026422 -55.34770278 -1.764919158 0.02281900075
85.24833867 -55.58858455 -1.719190969 0.01978838483
85.36844117 -55.79137171 -1.653527918 0.01704538237
85.48854367 -55.98474952 -1.562418748 0.01429202633
85.60864618 -56.1656619 -1.446113073 0.01161805192
85.72874868 -56.3311697 -1.30628127 0.009110354508
85.84885119 -56.47860833 -1.145772938 0.0068461936
85.96895369 -56.60570919 -0.9682713561 0.004887990373
86.0890562 -56.71067755 -0.7779247617 0.003280249019
86.2091587 -56.79222831 -0.5790243181 0.002048598304
86.32926121 -56.84958813 -0.3757705786 0.001200564715
86.44936371 -56.88247553 -0.1721386265 0.0007275257811
86.54934111 -56.89130336 -0.005011759015 0.0006041402697
86.64931852 -56.88362089 0.157821027 0.0007068866996
86.75728191 -56.8573915 0.3266873937 0.001045763465
86.88092272 -56.80562194 0.5084151774 0.001684133926
87.02631694 -56.71732609 0.7022223873 0.002709453864
87.22050678 -56.55896989 0.9203065916 0.004401001056
87.42328962 -56.35406069 1.090269697 0.006372039975
87.62607246 -56.12112827 1.19630158 0.008370871475
87.83121102 -55.87025831 1.239121736 0.01027825817
87.98675846 -55.67765297 1.232078645 0.01158565565
88.14414868 -55.48628254 1.195147079 0.01275403246
88.30153889 -55.30274153 1.133483378 0.01374958681
88.45892911 -55.13050668 1.052307869 0.01456452065
88.61631933 -54.97227741 0.9561965093 0.0151995964
88.77370955 -54.83010919 0.848715966 0.01566340001
88.93109977 -54.70558547 0.7322929923 0.01597176523
89.08848999 -54.599995 0.6082660516 0.01614717714
89.25684213 -54.50931335 0.4676384539 0.01621993321
89.45315683 -54.43447692 0.292707388 0.01620892093
89.60748509 -54.40051855 0.1459155983 0.016173281
89.73726071 -54.38998036 0.01534547885 0.01615532155
89.86703634 -54.39684602 -0.1223977113 0.01617243394
89.99893626 -54.42265414 -0.2702968576 0.01624814564
90.13633187 -54.47087979 -0.4332265078 0.01641163894
90.27762974 -54.54449046 -0.610276473 0.01668978998
90.42136943 -54.64571854 -0.79968481 0.01710197014
90.5673037 -54.77695187 -0.9999841671 0.01766026113
90.71699358 -54.94236769 -1.210645623 0.01837488948
90.87574909 -55.15234649 -1.434021097 0.0192715319
91.06897564 -55.45481536 -1.692869252 0.02051035786
91.2111691 -55.70788505 -1.862787749 0.02148995358
91.35336256 -55.98325159 -2.004962468 0.02250269442
91.49555602 -56.27635492 -2.11103718 0.02353677649
91.63774949 -56.58161561 -2.175324226 0.02459119265
91.77994295 -56.89292874 -2.196315262 0.02567202156
91.92911596 -57.21950653 -2.175465987 0.02684050579
92.08065405 -57.54522683 -2.118325868 0.02806075572
92.23219214 -57.86032027 -2.037448946 0.02929613782
92.38373023 -58.16220651 -1.946179077 0.03051387064
92.53526831 -58.45024457 -1.856477784 0.03167248238
92.69075136 -58.7324257 -1.775835368 0.03275369686
92.8462344 -59.00342187 -1.713472275 0.03368016949
92.98073123 -59.23124922 -1.677244465 0.0343225207
93.11522806 -59.45537297 -1.658441546 0.03478689102
93.24972488 -59.67812872 -1.656762511 0.03504254039
93.39157982 -59.91403957 -1.672056443 0.03504872012
93.55336813 -60.18719043 -1.70735098 0.03467071025
93.72586411 -60.48602934 -1.759251844 0.03374221499
93.90084768 -60.79891105 -1.816623684 0.03217015805
94.08927092 -61.14636259 -1.868054902 0.02971086132
94.22473276 -61.40095746 -1.887637108 0.02745479221
94.3601946 -61.65672841 -1.884220174 0.02483179165
94.49565644 -61.91009932 -1.851230567 0.02191592731
94.61410498 -62.1262766 -1.794350028 0.01920909265
94.73255352 -62.33407164 -1.709564764 0.01644561448
94.85100206 -62.53016558 -1.596924233 0.01371883382
94.9694506 -62.71134195 -1.458079107 0.01112108682
95.08914974 -62.87628168 -1.294186556 0.008712387646
95.21089388 -63.02264957 -1.107323269 0.006559169713
95.3339997 -63.14649912 -0.9025218951 0.004742159177
95.45710551 -63.24441273 -0.6867897213 0.003322480284
95.58021132 -63.31534396 -0.4649330538 0.002314140639
95.70331714 -63.35881553 -0.2413776584 0.001712381535
95.80558395 -63.37406327 -0.05726572358 0.001507432617
95.90785076 -63.37065517 0.1231287568 0.001550939785
96.01597989 -63.34729897 0.3076267635 0.001841763117
96.14023779 -63.29643467 0.5088969651 0.002446887922
96.28762334 -63.20496582 0.7284652337 0.003472019198
96.50080419 -63.01970429 0.999476 0.005372914672
96.67005876 -62.83567622 1.16761326 0.007083284454
96.83931333 -62.62709753 1.289036003 0.008850069661
97.00856789 -62.40206239 1.362068169 0.01058398937
97.20387202 -62.13249272 1.388604109 0.01245745188
97.35296511 -61.92635153 1.371772239 0.01375355462
97.5020582 -61.72477611 1.328258898 0.01490976954
97.65115128 -61.53133388 1.263596093 0.01591231384
97.80024437 -61.3487736 1.183125957 0.01675347506
97.94933746 -61.1790968 1.091458764 0.01743118569
98.09843055 -61.02369298 0.9921616802 0.01794891442
98.25315988 -60.87851275 0.8836349793 0.01832666922
98.42447636 -60.73776725 0.7587180995 0.01857472105
98.61190633 -60.60876362 0.616911315 0.01867594504
98.77370076 -60.51918278 0.4895784696 0.01865738669
98.93549519 -60.45065311 0.3564555163 0.01858030081
99.07112842 -60.41018882 0.239275491 0.01850115831
99.20676166 -60.38602417 0.1159353623 0.01843679125
99.31688954 -60.37901344 0.01054966284 0.01841403396
99.42701743 -60.38389405 -0.1001061769 0.01843319304
99.54076676 -60.40206534 -0.2204580233 0.01851160847
99.66263571 -60.43715813 -0.3567616358 0.01867739254
99.79119451 -60.49272846 -0.5092741865 0.01895976897
99.92434542 -60.5715917 -0.6769446205 0.01938203562
100.0604398 -60.67595267 -0.8583521036 0.01995789852
100.1986339 -60.80785139 -1.051991279 0.02069070098
100.3392528 -60.97009803 -1.256639103 0.02157653616
100.4846031 -61.16840008 -1.472195174 0.02261317174
100.6423149 -61.4189014 -1.703175878 0.02382904139
100.7964138 -61.69794495 -1.915102451 0.02504971312
100.929661 -61.96419371 -2.077075605 0.02608696464
101.0629082 -62.25016986 -2.209724001 0.02707820717
101.1961554 -62.5514097 -2.305024183 0.02801064702
101.3294025 -62.86254861 -2.35775155 0.02888694842
101.4626497 -63.17779201 -2.366844003 0.02972084049
101.6038718 -63.51013072 -2.332905896 0.03057657564
101.7482497 -63.84215525 -2.261261093 0.03143358946
101.8926275 -64.16190375 -2.16514083 0.03226949733
102.0370053 -64.46682932 -2.05810759 0.03306492366
102.1813832 -64.75625041 -1.95215202 0.03378905652
102.3356932 -65.04943327 -1.850452048 0.03444351299
102.4719312 -65.29629926 -1.776357345 0.03488385899
102.6081693 -65.53425045 -1.719865687 0.03516417566
102.7444074 -65.76576285 -1.681849463 0.03525517061
102.8806455 -65.99332901 -1.661734243 0.03512697087
103.0194662 -66.22356249 -1.65783938 0.0347385153
103.1730804 -66.47894127 -1.669513279 0.03396409364
103.377179 -66.82275767 -1.701714516 0.03229989637
103.5812775 -67.17382214 -1.737398454 0.02983582654
103.7388614 -67.4491524 -1.754464042 0.02737037818
103.8760357 -67.68994283 -1.753134682 0.02485091137
104.01321 -67.92912276 -1.729976216 0.02203913378
104.1503843 -68.16331279 -1.679613099 0.01901855412
104.2708393 -68.36168721 -1.610042062 0.01627993283
104.3912944 -68.55018969 -1.51565313 0.01354930843
104.5117494 -68.72584216 -1.396874103 0.01091497142
104.6322044 -68.88580158 -1.255489968 0.008461351047
104.7526594 -69.02751002 -1.094398981 0.006262543129
104.8731145 -69.14880911 -0.9172781314 0.004377460871
104.9935695 -69.24801263 -0.728233632 0.002847062255
105.1140245 -69.32393931 -0.5314996918 0.001693611085
105.2344795 -69.37591426 -0.3312217501 0.000921582326
105.3388503 -69.40142421 -0.1578651435 0.0005526991215
105.443221 -69.40896112 0.01279915617 0.0004464761042
105.5475918 -69.39892448 0.1785250155 0.0005815006141
105.6579651 -69.3698899 0.3460806963 0.0009579065112
105.783755 -69.31497945 0.5244924953 0.001636266486
105.9320801 -69.22284768 0.7136127621 0.002706129855
106.1353737 -69.05505157 0.9278242884 0.004491325232
106.3426084 -68.84538155 1.084860403 0.006490274145
106.5498431 -68.60997197 1.176062981 0.008483507986
106.7187456 -68.40848799 1.202908989 0.01000548743
106.8764025 -68.21920942 1.192959229 0.01129206211
107.0340594 -68.03386996 1.153753583 0.01242024688
107.1917164 -67.85668692 1.090340475 0.01337372483
107.3493733 -67.69108201 1.007658004 0.01414619356
107.5070302 -67.53974428 0.9099883721 0.01474017724
107.6646872 -67.40476221 0.8006341595 0.015166196
107.8223441 -67.28778898 0.6818125478 0.01544207838
107.980001 -67.19021059 0.5547169031 0.01559225157
108.1451404 -67.11017966 0.4130718043 0.01564770484
108.3307338 -67.04911278 0.2429965458 0.01563518327
108.4826932 -67.02336982 0.09432452296 0.01560833668
108.6374562 -67.02110447 -0.06674800442 0.01560566348
108.7922192 -67.04457633 -0.2384005146 0.01566511485
108.9469822 -67.09547083 -0.4211848561 0.01582105983
109.1017452 -67.17551922 -0.6150898664 0.01610198428
109.2565083 -67.28638551 -0.8191926463 0.01652754887
109.4112713 -67.4294929 -1.031225711 0.01710595847
109.5660343 -67.60577834 -1.247091595 0.01783240656
109.7330794 -67.83341347 -1.4770147 0.01876248171
109.898596 -68.0958687 -1.690973433 0.01980153271
110.0387436 -68.34438087 -1.85151098 0.02074682633
110.1788912 -68.61353518 -1.984189432 0.02173449417
110.3190387 -68.89889188 -2.08168614 0.02275629877
110.4591863 -69.19515463 -2.13934779 0.02381239549
110.5993339 -69.49663752 -2.156417204 0.02490746491
110.7448398 -69.80929548 -2.135032643 0.0260884737
110.8949606 -70.12601649 -2.079820236 0.02734726301
111.0450815 -70.43264551 -2.002674061 0.02862604517
111.1952023 -70.72683054 -1.916048408 0.02989112298
111.3453231 -71.00801104 -1.83109917 0.0311015695
111.5015456 -71.28783918 -1.753868043 0.03225735728
111.6577682 -71.55694163 -1.694649732 0.03326154216
111.7927286 -71.78318842 -1.660971332 0.03397287275
111.927689 -72.00605006 -1.644538828 0.03450911354
112.0626495 -72.22785133 -1.645133608 0.03483950604
112.2047819 -72.46273872 -1.662795207 0.03492742167
112.3666206 -72.73469591 -1.700838371 0.03464721078
112.5380517 -73.03081479 -1.755616628 0.03383435951
112.7119946 -73.34149971 -1.816537908 0.03238840529
112.8957239 -73.6806242 -1.872103917 0.03012032869
113.0331212 -73.93977737 -1.897021704 0.02792332468
113.1705185 -74.20085817 -1.898876436 0.02533408904
113.2908403 -74.42820598 -1.875910055 0.02280053268
113.4111621 -74.65120515 -1.82609778 0.02009223829
113.5314839 -74.86647981 -1.74730027 0.01729709484
113.6518057 -75.07050247 -1.63915859 0.01451266345
113.7721275 -75.25981057 -1.503086441 0.01183753537
113.8924493 -75.43120634 -1.342011084 0.009362814503
114.014411 -75.58381423 -1.15733574 0.007137504081
114.138057 -75.71443294 -0.9530068565 0.005233898684
114.261703 -75.81898711 -0.7365869192 0.00372524202
114.3853489 -75.89629139 -0.5130306666 0.002629916601
114.5089949 -75.94575002 -0.2869011013 0.001946683786
114.6146439 -75.9658908 -0.09476727991 0.001676427407
114.7202929 -75.96589715 0.09387947588 0.001675592704
114.8273134 -75.945873 0.2791782141 0.001924635338
114.9495296 -75.89930415 0.4808983015 0.002478981818
115.0937332 -75.81380935 0.7013054121 0.003439817378
115.2904906 -75.64926214 0.9629687914 0.005143594386
115.4562066 -75.47434916 1.141036356 0.006794520221
115.6219227 -75.27352478 1.275035236 0.008527177074
115.7876388 -75.05434242 1.362415865 0.01025223673
115.9632436 -74.81064114 1.4047926 0.01199589236
116.1176864 -74.59339269 1.402811627 0.0134118816
116.274786 -74.37531806 1.368538816 0.01470925573
116.4318857 -74.16476644 1.308152876 0.01584285577
116.5889854 -73.96531908 1.228231939 0.01680057378
116.746085 -73.77956992 1.134651996 0.01757715396
116.9031847 -73.60928139 1.032064334 0.01817403553
117.0602843 -73.45559637 0.923695001 0.01859934198
117.2305172 -73.3086672 0.8018585218 0.01888368654
117.4179686 -73.17127336 0.6632747235 0.01901615606
117.579824 -73.07388124 0.5394447246 0.01901292165
117.7416794 -72.996919 0.4106025054 0.01893854349
117.8796997 -72.94812044 0.2956410242 0.018849464
118.0177201 -72.91557733 0.1748683014 0.01876559105
118.1313675 -72.9015998 0.07027933749 0.01872050235
118.2450149 -72.89980399 -0.03960895817 0.01871419647
118.3586622 -72.91082551 -0.1553770068 0.01876228742
118.4760711 -72.93641506 -0.2817120266 0.01888469439
118.6003723 -72.9801543 -0.4234603504 0.01911067897
118.7302554 -73.04526865 -0.5807946435 0.01946747266
118.8639341 -73.13428791 -0.7527265875 0.01997435457
119.0000685 -73.24925211 -0.937876744 0.02063989587
119.1381501 -73.39225739 -1.134808992 0.02146242689
119.2789513 -73.56660108 -1.342493757 0.02243465513
119.4256504 -73.77961177 -1.561462751 0.02355540522
119.5894823 -74.05512888 -1.799856137 0.02487634147
119.7338298 -74.32917005 -1.993535393 0.02604155322
119.8781773 -74.62933283 -2.159778982 0.0271586264
120.003498 -74.90742453 -2.272813129 0.0280651781
120.1288187 -75.19750105 -2.350204444 0.02890607274
120.2541393 -75.49484311 -2.388462673 0.0296878302
120.3897575 -75.81909015 -2.385955819 0.03048395869
120.5200017 -76.12755863 -2.345136028 0.03121711866
120.6583196 -76.44702841 -2.269613518 0.03197308759
120.7966375 -76.7544257 -2.172640647 0.0327032437
120.9349554 -77.0476313 -2.066346568 0.03339104987
121.0756913 -77.33085513 -1.959579017 0.03402014503
121.2291796 -77.62336921 -1.854645449 0.03458679091
121.382668 -77.90116447 -1.768671552 0.03498686728
121.5147359 -78.13086351 -1.712711048 0.0351658816
121.6468037 -78.35431699 -1.67407098 0.03516457024
121.7788716 -78.57377908 -1.652061723 0.03495650063
121.9169768 -78.80127545 -1.644981256 0.0344880508
122.0698146 -79.05309432 -1.652587057 0.03363250978
122.267385 -79.38189935 -1.677820459 0.03193657087
122.4649554 -79.71630538 -1.706525803 0.02951370514
122.6258143 -79.99210681 -1.720132966 0.02699254633
122.764867 -80.2312352 -1.716225601 0.02444389282
122.9039196 -80.46841018 -1.691034073 0.02160920941
123.0429723 -80.70028316 -1.639198944 0.01857306561
123.1641517 -80.89493271 -1.56942065 0.01584848682
123.2853312 -81.07967365 -1.475609651 0.01313807811
123.4065107 -81.25160279 -1.358147785 0.01052864965
123.5276902 -81.40794484 -1.21873669 0.008103180027
123.6488696 -81.54619986 -1.060173145 0.005934471433
123.7700491 -81.6642576 -0.8860352707 0.004080343364
123.8912286 -81.7604718 -0.7003499257 0.002580828248
124.012408 -81.83369633 -0.5073011787 0.001457359214
124.1335875 -81.88329029 -0.3110151057 0.0007136003004
124.2368376 -81.90677509 -0.1441765962 0.000370766098
124.3400877 -81.91315951 0.01985646302 0.0002798462717
124.4433379 -81.90284555 0.1789308624 0.0004200625797
124.5534604 -81.87414154 0.3408633578 0.0007960568877
124.679024 -81.82038294 0.5129413188 0.001467180659
124.8266857 -81.73094988 0.6942498489 0.002516917507
125.0238071 -81.57356098 0.8939737791 0.004212603386
125.23638 -81.36600079 1.047739019 0.006216052964
125.4489529 -81.1329168 1.134011588 0.008205647121
125.6117302 -80.94605289 1.155795174 0.009625694898
125.7909521 -80.73976879 1.139648874 0.01102431527
125.9391163 -80.57365664 1.098851384 0.01202317605
126.0872805 -80.41516731 1.037408599 0.01286668885
126.2354447 -80.26707475 0.9591082294 0.01355125371
126.3836089 -80.13162544 0.8672355116 0.01408034499
126.5317731 -80.01063021 0.7643629067 0.01446381649
126.6799373 -79.90557676 0.6522777063 0.01471729856
126.8310965 -79.81615479 0.5295068134 0.01486354738
126.9889892 -79.74324 0.3926243744 0.01492414594
127.1586661 -79.68979982 0.2355060911 0.0149240678
127.327647 -79.66399262 0.06803663572 0.01490328552
127.4990816 -79.66775138 -0.1140003022 0.01491149899
127.6705163 -79.70382452 -0.3090508898 0.01499871512
127.841951 -79.77447439 -0.517347582 0.0152091389
128.0133857 -79.88191874 -0.7380403878 0.01557687247
128.1848204 -80.02809142 -0.968549176 0.01612151132
128.3562551 -80.21428278 -1.203821159 0.01684511506
128.5276897 -80.44065555 -1.435666184 0.01773227616
128.6932429 -80.69598035 -1.645507456 0.0187179396
128.8347919 -80.9404205 -1.804345987 0.01963951734
128.9763408 -81.20548069 -1.935536216 0.02061889907
129.1178898 -81.48672467 -2.032012241 0.02164913255
129.2594388 -81.77888678 -2.089359481 0.02273012642
129.4031065 -82.08080107 -2.106956949 0.02388226699
129.5480369 -82.38514148 -2.087108335 0.02510054202
129.6988579 -82.69631132 -2.034726744 0.02641787816
129.8496789 -82.99784082 -1.961286683 0.02776185151
130.0004999 -83.28746422 -1.878783286 0.02909682446
130.1513209 -83.56464993 -1.797976209 0.03038095922
130.3084895 -83.84128161 -1.724694866 0.03161889798
130.4656582 -84.10771527 -1.669058348 0.0327089662
130.6012186 -84.33169397 -1.63820875 0.03349658426
130.736779 -84.55263616 -1.624325717 0.03411287825
130.8723394 -84.77284504 -1.627284573 0.03452727159
131.0147557 -85.00582825 -1.647304253 0.03470775903
131.1763359 -85.27505389 -1.687911241 0.03454082961
131.3463976 -85.56682602 -1.745311101 0.03386400584
131.519701 -85.87488844 -1.80994528 0.03256454149
131.6988465 -86.20471585 -1.869792761 0.03050850924
131.8389284 -86.46904139 -1.9009481 0.02838466438
131.9790103 -86.73621717 -1.909091381 0.02583799764
132.099619 -86.96567074 -1.891650594 0.02335883516
132.2202277 -87.19143573 -1.847379934 0.02068556405
132.3408365 -87.41011164 -1.773832225 0.01790458514
132.4614452 -87.61810948 -1.670358173 0.01511362119
132.582054 -87.81187357 -1.538142211 0.0124130123
132.7026627 -87.98809119 -1.37997026 0.009896857812
132.8247226 -88.14560072 -1.197518796 0.007620452379
132.9487617 -88.28167816 -0.9939729022 0.005651126374
133.0728008 -88.39164399 -0.7773660262 0.004072871592
133.1968399 -88.47419594 -0.5527690632 0.002907826815
133.320879 -88.52863743 -0.324854485 0.002157866773
133.4290919 -88.55304684 -0.1266149941 0.001831070153
133.5373048 -88.55615679 0.06839803989 0.001790064103
133.6455177 -88.53844527 0.2578283745 0.002009860162
133.7667076 -88.494798 0.4605952813 0.002528883965
133.9089282 -88.41331157 0.6819792207 0.003445105577
134.0976949 -88.25947191 0.9405214102 0.005044391273
134.2620799 -88.08908836 1.125711617 0.006664367162
134.426465 -87.89172139 1.268090924 0.008382315481
134.5908501 -87.67469824 1.364575155 0.01010804766
134.7594696 -87.43962443 1.415743755 0.01181288669
134.91017 -87.22528498 1.42314127 0.01323548482
135.0726091 -86.99587817 1.39581294 0.01462848942
135.2147923 -86.80063045 1.347235507 0.01570948352
135.3569756 -86.61361006 1.280913159 0.01664991643
135.4991588 -86.43699757 1.201571545 0.01744356772
135.6413421 -86.27234903 1.113217496 0.01808860915
135.7887593 -86.1153921 1.015367532 0.01860329825
135.9472109 -85.96314635 0.9056781762 0.01899068538
136.1303284 -85.80921255 0.7749508026 0.01924566838
136.3017316 -85.68711705 0.6491102665 0.01932731265
136.4731348 -85.58692848 0.5191303761 0.01929497687
136.6175444 -85.52012474 0.4053097031 0.01921140145
136.7619539 -85.47011507 0.2863381757 0.01910740535
136.8871968 -85.44098184 0.1780167505 0.01902503695
137.0124397 -85.42576055 0.06403923444 0.0189723523
137.1376826 -85.42521149 -0.05641815177 0.01897081585
137.2629255 -85.44019565 -0.1841347083 0.01904127898
137.3881684 -85.47166712 -0.3198117916 0.01920309032
137.5148488 -85.52132896 -0.4657345193 0.01947681808
137.6454829 -85.59251655 -0.6257838167 0.01988911618
137.7792645 -85.68776568 -0.7998650035 0.02045710192
137.9151947 -85.80908843 -0.9868223362 0.02118608678
138.0529786 -85.95863923 -1.185307638 0.02207104669
138.1936307 -86.14000706 -1.394410659 0.02310220157
138.3408174 -86.36150211 -1.615037838 0.02427845538
138.5083048 -86.65256179 -1.857991053 0.02566791111
138.64854 -86.9263892 -2.04354686 0.02681191893
138.7887751 -87.22440797 -2.201124709 0.0278911145
138.9290103 -87.54192592 -2.319990823 0.02887877916
139.0692455 -87.87289779 -2.391979093 0.02977035822
139.2094806 -88.21044449 -2.413671236 0.03058076607
139.3618783 -88.5766319 -2.383303057 0.03139765313
139.4929664 -88.88522813 -2.320025651 0.03206638412
139.6240545 -89.18383012 -2.232580227 0.03270959599
139.7551427 -89.4699689 -2.131637284 0.03331975925
139.887988 -89.74610447 -2.025785939 0.03388606086
140.0400016 -90.04518663 -1.911095158 0.03443761285
140.1817518 -90.3092915 -1.817937299 0.03482454532
140.3235019 -90.56141733 -1.742579393 0.03505480966
140.465252 -90.80424572 -1.686891872 0.03509663328
140.6070022 -91.04058043 -1.6508117 0.03491868746
140.7487523 -91.27310629 -1.632787139 0.03448911796
140.8939004 -91.50974027 -1.630169461 0.03375446108
141.0614983 -91.78375197 -1.641747759 0.03249060764
141.2606869 -92.11303742 -1.665105417 0.03035049456
141.4626074 -92.45134888 -1.68336709 0.02743863385
141.6085037 -92.6970743 -1.682366715 0.024887638
141.7543999 -92.94127176 -1.661264336 0.02201540879
141.8804083 -93.14835422 -1.621960059 0.01934065358
142.0064166 -93.3490738 -1.559866504 0.01656310395
142.132425 -93.5404348 -1.473255691 0.0137697935
142.2584334 -93.71931786 -1.361909966 0.01105422694
142.3844418 -93.88267234 -1.227120025 0.008508515102
142.5104501 -94.02769624 -1.071497593 0.006215695486
142.6364585 -94.15198359 -0.8986565895 0.004243488293
142.7624669 -94.25362746 -0.7128421124 0.002640267397
142.8884752 -94.33127707 -0.5185834009 0.001433435684
142.9993459 -94.37912442 -0.3442867732 0.0007053489035
143.1102166 -94.40761888 -0.1699627549 0.0002825425311
143.2047749 -94.41673822 -0.02340273511 0.0001508106382
143.2993332 -94.41216166 0.1194505089 0.0002142080402
143.402503 -94.39204817 0.2692532567 0.0004846136718
143.5207853 -94.35052399 0.4308561175 0.001019285478
143.6580034 -94.27946923 0.6014945791 0.001884946901
143.825941 -94.16290572 0.780864764 0.003205392948
144.0873696 -93.92998243 0.9849973429 0.005561154644
144.3487981 -93.65653038 1.090473455 0.0079421461
144.5138146 -93.47467418 1.107540966 0.009326833511
144.6900976 -93.28063617 1.087779798 0.01064027825
144.8391015 -93.12149708 1.04455812 0.01159161536
144.9881053 -92.97036026 0.9809862822 0.01238600152
145.1371092 -92.82998979 0.9006027191 0.01302143822
145.286113 -92.70265683 0.806442768 0.01350329284
145.4351169 -92.5902299 0.7008571397 0.01384350538
145.5841207 -92.49428226 0.5854584487 0.01405987048
145.7331246 -92.41619946 0.4611677647 0.01417530221
145.8883672 -92.35524422 0.3225786949 0.01421758953
146.0530707 -92.31492106 0.1652715619 0.01421359402
146.2457501 -92.30191088 -0.03282639731 0.0142033882
146.4066241 -92.32132702 -0.2104480387 0.0142394571
146.5674981 -92.37023304 -0.3994414115 0.01435780229
146.7283721 -92.45043533 -0.599380297 0.01459164901
146.8892462 -92.56359203 -0.8087699087 0.01496530717
147.0501202 -92.71100195 -1.024551762 0.01549149489
147.2109942 -92.89331196 -1.241602042 0.01617004932
147.3956858 -93.14510467 -1.482484927 0.01712112405
147.5488947 -93.38650349 -1.665262757 0.01802941086
147.7021036 -93.65404485 -1.822088157 0.01902763733
147.8553125 -93.94301348 -1.943546824 0.02010440961
148.0085214 -94.24741299 -2.022676387 0.02125616011
148.1617303 -94.56049201 -2.056843569 0.02248428714
148.3320695 -94.91056646 -2.045484462 0.02393823982
148.4719449 -95.19409465 -2.004510674 0.02519174182
148.6118204 -95.47041457 -1.943925384 0.02647917863
148.7516958 -95.7374227 -1.872880759 0.02777312232
148.8950669 -96.00056035 -1.798222719 0.02907208463
149.0630812 -96.29581689 -1.718642041 0.03051033235
149.2078904 -96.54052214 -1.663545369 0.03163613432
149.3526996 -96.77840827 -1.624923566 0.03262064542
149.4975087 -97.01202172 -1.604729419 0.03343051483
149.6423179 -97.24408228 -1.603446965 0.03403073325
149.7871271 -97.47728652 -1.620296182 0.03438229405
149.9412205 -97.72949383 -1.655909929 0.03443336714
150.1452728 -98.07403788 -1.724289846 0.03388768138
150.3223285 -98.38539507 -1.793196922 0.03274677916
150.4993843 -98.70877463 -1.85767981 0.03090567347
150.6435693 -98.97960632 -1.896046533 0.02886712695
150.7877544 -99.25444872 -1.911768886 0.02636618831
150.9090795 -99.48598821 -1.900962713 0.02395055017
151.0304047 -99.71464078 -1.863567363 0.02131775365
151.1517299 -99.93698997 -1.796719563 0.01855206078
151.2730551 -100.1493789 -1.699359353 0.01575121943
151.3943803 -100.3481379 -1.572329865 0.01301774441
151.5157055 -100.5298072 -1.418190119 0.01044963665
151.6370307 -100.6913211 -1.240802249 0.008132339411
151.7609452 -100.8328354 -1.040461626 0.006094367253
151.8848598 -100.9485932 -0.8259635345 0.004437569857
152.0087744 -101.0371607 -0.6024330492 0.003188693843
152.1326889 -101.0977174 -0.3746182677 0.002353798761
152.2566035 -101.1300026 -0.1468024032 0.001921283788
152.3805181 -101.1342589 0.07715989215 0.00186526279
152.5044327 -101.1111854 0.2937378362 0.002148872991
152.6316193 -101.0602613 0.5048673314 0.002746193531
152.7802281 -100.9680267 0.7326326678 0.003765489924
152.9697457 -100.8044826 0.9854870046 0.005432116103
153.1322683 -100.6294462 1.161747983 0.00706257371
153.2947909 -100.4291763 1.295364171 0.008771761885
153.4573135 -100.2108496 1.383756196 0.01047622947
153.628786 -99.96905085 1.428413994 0.01219860772
153.7826588 -99.74874707 1.429249089 0.01363339176
153.9408924 -99.52475174 1.396859756 0.01496886185
154.099126 -99.30811283 1.337440159 0.01614162597
154.2573596 -99.10255337 1.257945302 0.01713815322
154.4155933 -98.91074068 1.164636557 0.01795165165
154.5738269 -98.73444714 1.062497101 0.01858200422
154.7320605 -98.57477511 0.955000553 0.0190358588
154.9054016 -98.41972292 0.8334370155 0.01934644925
155.0809907 -98.28442225 0.7071383831 0.01948855114
155.2598716 -98.16970483 0.5747495472 0.01949214619
155.4070438 -98.09336501 0.4619946932 0.01942081451
155.554216 -98.03394841 0.3445635895 0.01931413
155.683927 -97.99623054 0.2361533262 0.01921657211
155.8136379 -97.97292618 0.1221667579 0.0191401366
155.9175259 -97.96518003 0.02622310411 0.01911025656
156.0214138 -97.96763832 -0.07435964782 0.01912147635
156.1288463 -97.98145071 -0.1837199351 0.01918883898
156.245155 -98.0100207 -0.3087488084 0.01933956629
156.3690749 -98.05694809 -0.4500664265 0.01960391823
156.4984711 -98.12523281 -0.6069883981 0.02000778151
156.6314765 -98.21725319 -0.7784256778 0.02056828198
156.7667754 -98.33494998 -0.9630304158 0.0212912653
156.903852 -98.48032029 -1.159385187 0.02217184209
157.0433984 -98.65649032 -1.366414695 0.0231989528
157.1883331 -98.87033063 -1.584428014 0.02436635759
157.3485932 -99.14329629 -1.820218209 0.02571271383
157.4937961 -99.42221802 -2.018061423 0.02691819785
157.638999 -99.72802017 -2.18835472 0.02805451313
157.7633861 -100.0076912 -2.302953999 0.02894558952
157.8877731 -100.2994514 -2.381846522 0.02975262082
158.0121602 -100.5985907 -2.421249964 0.03048244314
158.1452749 -100.9212672 -2.419508516 0.03119636635
158.2771553 -101.2379796 -2.377419298 0.03185661978
158.4162828 -101.5636101 -2.298701742 0.03251862383
158.5554103 -101.8765362 -2.196951077 0.03314734558
158.6945378 -102.1744469 -2.084886202 0.03372951473
158.8336653 -102.4567086 -1.973646555 0.03424059555
158.9884528 -102.7532902 -1.861145195 0.0346889949
159.1241554 -103.0000294 -1.778063251 0.03494534422
159.2598579 -103.2366542 -1.712348681 0.03504462436
159.3955605 -103.4655923 -1.664772319 0.03495977565
159.5312631 -103.6892737 -1.634660335 0.03466388907
159.6669657 -103.9099576 -1.620215948 0.03412963077
159.8153636 -104.1501484 -1.619127808 0.0332400447
159.9934984 -104.4395229 -1.631625641 0.03170453735
160.2149792 -104.8033664 -1.653498277 0.02902191996
160.3834943 -105.0828835 -1.661579585 0.02639556199
160.5260408 -105.3193728 -1.653605092 0.02380872885
160.6685872 -105.5533461 -1.6252809 0.02094554723
160.794144 -105.754742 -1.579187039 0.01826266429
160.9197007 -105.9489563 -1.510558384 0.01550770229
161.0452574 -106.1330658 -1.418136657 0.01276719858
161.1708142 -106.3040797 -1.302110509 0.01013170528
161.2963709 -106.4591202 -1.164067664 0.007688286461
161.4219277 -106.5955864 -1.006786076 0.0055135156
161.5474844 -106.7112848 -0.8339204437 0.003668037608
161.6730412 -106.8045178 -0.6496570964 0.002193288829
161.7985979 -106.8741299 -0.4584021004 0.001110440741
161.9078013 -106.9149874 -0.2897886223 0.0004890938796
162.0170047 -106.9374516 -0.1219910053 0.0001562084417
162.126208 -106.9417571 0.04235175591 9.380622749e-05
162.2354114 -106.9284177 0.200767277 0.0002771846901
162.3490656 -106.8966323 0.3568787569 0.0006970455478
162.478148 -106.8398381 0.520399833 0.001410467683
162.6306719 -106.7471336 0.6907412649 0.002502247328
162.8396928 -106.5822799 0.8769846662 0.004273996446
163.0663884 -106.3669547 1.010466183 0.006326706154
163.2930839 -106.1296756 1.070984595 0.008299927642
163.4556908 -105.9549803 1.072149439 0.009577340673
163.6222436 -105.7785831 1.040987816 0.01072144066
163.7887964 -105.6097749 0.9818472558 0.01167686229
163.9346759 -105.4715208 0.9109176249 0.0123518421
164.0805554 -105.3447229 0.825238083 0.0128778438
164.2264349 -105.2313483 0.7272385254 0.01326366367
164.3723143 -105.133055 0.6187202589 0.01352385189
164.5181938 -105.0512847 0.5008551942 0.01367801082
164.6686441 -104.9856487 0.3701515659 0.0137512667
164.8249251 -104.9390355 0.2247349301 0.01376714021
164.9922123 -104.9152254 0.05798255591 0.01375734179
165.1656307 -104.9210587 -0.1274194853 0.01376679063
165.3390491 -104.9601746 -0.3258682883 0.01384620575
165.5124676 -105.0348177 -0.5370076025 0.01404064138
165.685886 -105.1470744 -0.7592560808 0.01438509827
165.8593044 -105.2986014 -0.9891273573 0.01490051119
166.0327228 -105.4902347 -1.220528985 0.01559149816
166.2196873 -105.7411675 -1.46109184 0.01652071381
166.3733407 -105.979793 -1.641417534 0.01741001282
166.5269941 -106.2442554 -1.795775105 0.01839690516
166.6806474 -106.5298464 -1.915061541 0.01947162451
166.8343008 -106.8306233 -1.992644249 0.02063104418
166.9879542 -107.1399326 -2.02614628 0.02187571775
167.1614937 -107.4912496 -2.014666878 0.02338049845
167.3018697 -107.7715049 -1.974375366 0.02466220091
167.4422456 -108.0446738 -1.915181891 0.02598002858
167.5826216 -108.3087309 -1.846031637 0.02730549664
167.7272324 -108.5703939 -1.773246174 0.02864400385
167.897926 -108.8662525 -1.695567591 0.03013850157
168.0427775 -109.1078817 -1.643129063 0.03129309078
168.187629 -109.3430577 -1.606911147 0.03230792331
168.3324805 -109.5742847 -1.588792846 0.03315028508
168.477332 -109.8042346 -1.589251635 0.03378570973
168.6221834 -110.0355589 -1.607552497 0.0341756254
168.7767188 -110.2866324 -1.644603503 0.03427106937
168.9572955 -110.5888911 -1.705693695 0.03388400253
169.1378723 -110.903278 -1.777099744 0.03286425798
169.318449 -111.2305503 -1.845953503 0.03112613742
169.4627754 -111.5002269 -1.888329352 0.02919074167
169.6100121 -111.7801591 -1.909650032 0.02673084132
169.732089 -112.0131701 -1.903760134 0.02436196742
169.8541658 -112.2438967 -1.871558245 0.02175866899
169.9762427 -112.4689148 -1.809846717 0.01900342666
170.0983195 -112.684517 -1.717226933 0.01619392787
170.2203964 -112.8869444 -1.594253041 0.01343437717
170.3424732 -113.0726188 -1.443285486 0.01082589527
170.4645501 -113.2383411 -1.268095029 0.008457920915
170.5884379 -113.3833731 -1.070322995 0.006374180125
170.7136478 -113.5040573 -0.8552980033 0.004648408561
170.8388578 -113.5971433 -0.6303547251 0.003335534641
170.9640677 -113.6617041 -0.400446285 0.002444530978
171.0892777 -113.6974031 -0.170043143 0.001965581001
171.1977982 -113.705133 0.02693640748 0.001864736796
171.3063187 -113.6917394 0.2188707921 0.002031147698
171.4247637 -113.6538073 0.4199426321 0.002484014904
171.5624936 -113.580675 0.6390605104 0.0033121801
171.7369747 -113.4469682 0.8875273033 0.004721240182
171.9047024 -113.2806767 1.088594978 0.006331090798
172.0724301 -113.084218 1.246361503 0.008071758225
172.2401578 -112.865231 1.356781373 0.009842911263
172.4078854 -112.6317875 1.418865341 0.01156544918
172.5700167 -112.3998658 1.435254154 0.01312924638
172.7392629 -112.1583813 1.412141449 0.01461446938
172.8814056 -111.9606419 1.36663008 0.01572426958
173.0235482 -111.7707406 1.302703576 0.0166957805
173.1656908 -111.5909435 1.225223964 0.01752177258
173.3078335 -111.4228699 1.138374742 0.01819932646
173.4544997 -111.2628862 1.042381959 0.01874441175
173.6117167 -111.1073978 0.9350322792 0.01916244568
173.7923344 -110.9499296 0.8080821517 0.01944886809
173.9643702 -110.8215272 0.6841443682 0.01955679519
174.1364061 -110.7147389 0.5566233307 0.01953988243
174.2818357 -110.6418578 0.4449761913 0.01945959061
174.4272653 -110.5855426 0.3285983703 0.0193496406
174.5553645 -110.5502763 0.2211582842 0.01925333014
174.6834638 -110.5291196 0.1081577076 0.01918119131
174.7884521 -110.5228365 0.01076962124 0.01915626014
174.8934404 -110.5270267 -0.0914311949 0.0191756247
175.0025842 -110.5430547 -0.2032601587 0.0192556706
175.1202438 -110.5743952 -0.3307045014 0.0194245559
175.2450874 -110.6245511 -0.4742630654 0.01971218635
175.3750589 -110.6964166 -0.6332433885 0.02014330099
175.5083824 -110.792281 -0.8065403934 0.02073328391
175.6438468 -110.9140432 -0.9927928969 0.02148601637
175.7810748 -111.0637614 -1.190602988 0.02239495581
175.9209708 -111.2448414 -1.398992798 0.02344834543
176.0669163 -111.4650583 -1.618626195 0.0246416633
176.231069 -111.7506461 -1.858594268 0.02602922068
176.3725288 -112.0272346 -2.048226777 0.02719957284
176.5139886 -112.3288143 -2.209965074 0.0282953438
176.6380452 -112.6101404 -2.319877203 0.02917060922
176.7621017 -112.9029013 -2.393486435 0.02995997892
176.8861583 -113.2023511 -2.427443478 0.03067196186
177.0214519 -113.5307516 -2.419693968 0.03138035597
177.1520494 -113.8440782 -2.372848625 0.03201813058
177.2884797 -114.1625946 -2.291927443 0.03265082578
177.42491 -114.4685017 -2.190051672 0.03325006182
177.5613402 -114.7597669 -2.079187186 0.03380245627
177.7016093 -115.0434524 -1.966733649 0.03429681198
177.8538254 -115.3342073 -1.856216463 0.03471332296
178.0060414 -115.6095001 -1.764418327 0.03496557272
178.1375084 -115.8372316 -1.702882277 0.03502119293
178.2689755 -116.0579923 -1.658335629 0.0349007726
178.4004426 -116.2739768 -1.630007646 0.03458004141
178.5372489 -116.4958414 -1.615879774 0.03400712039
178.686955 -116.7375187 -1.614995686 0.03306828713
178.8685056 -117.0316956 -1.627452719 0.03144535094
179.0866471 -117.3889604 -1.647421689 0.02873617214
179.2519844 -117.6620345 -1.653471081 0.02612467695
179.3939548 -117.8962922 -1.643725759 0.02353023038
179.5359251 -118.1277913 -1.61364571 0.02066994998
179.6778955 -118.3532641 -1.558098502 0.01763025305
179.8005928 -118.5402975 -1.486878976 0.01494354048
179.92329 -118.7172122 -1.393115707 0.01228672365
180.0459872 -118.8812524 -1.277193701 0.009743524499
180.1686845 -119.0297873 -1.140738781 0.007393499475
180.2913817 -119.1604518 -0.9864199792 0.00530601099
180.414079 -119.2712585 -0.817669423 0.003535625817
180.5367762 -119.3606721 -0.6383805947 0.002119390445
180.6594735 -119.4276496 -0.4526375963 0.001076007366
180.7821707 -119.4716495 -0.2645072792 0.0004066186658
180.8833136 -119.4905918 -0.1104075026 0.0001262166911
180.9844566 -119.4940886 0.04057593793 7.549237296e-05
181.0855995 -119.4825549 0.1864901676 0.0002347378236
181.1965694 -119.4533336 0.3385909525 0.0006231714743
181.323628 -119.3999135 0.4997314355 0.001299447769
181.4731125 -119.3123394 0.6677416457 0.002340731848
181.6704172 -119.1620142 0.8475900875 0.003979610737
181.896665 -118.9529687 0.9882826842 0.006009884766
182.1229128 -118.7202965 1.056611491 0.007984106523
182.2886471 -118.5441638 1.063038783 0.009298533688
182.4589138 -118.365058 1.035391256 0.01048245716
182.6080616 -118.2140139 0.9865207375 0.01136004072
182.7572094 -118.0717461 0.918273303 0.0120804897
182.9063572 -117.9408995 0.8338668379 0.01264460826
183.055505 -117.8236757 0.7359945667 0.01306051736
183.2046528 -117.7219228 0.6266909076 0.01334280686
183.3538006 -117.6372365 0.5073110908 0.01351173045
183.5029484 -117.5710574 0.3785971054 0.01359235925
183.6575236 -117.5234608 0.2356143974 0.01361367544
183.82134 -117.4980032 0.07332276284 0.01360597078
183.995496 -117.5011562 -0.1117081841 0.0136116725
184.1696519 -117.5376754 -0.3098612007 0.01368210836
184.3438079 -117.6098275 -0.5207743921 0.01386352287
184.5179638 -117.719721 -0.7428867715 0.0141924124
184.6921198 -117.869039 -0.9727538121 0.01469142363
184.8662757 -118.0586486 -1.204339973 0.01536695732
185.0523187 -118.3051694 -1.443260522 0.01627328356
185.2072799 -118.543185 -1.625185576 0.01715748881
185.3622412 -118.807513 -1.781220572 0.01814391188
185.5172024 -119.0934052 -1.902100972 0.01922282146
185.6721636 -119.3948424 -1.981030582 0.02039093059
185.8271249 -119.7050663 -2.01552022 0.02164847835
186.0007232 -120.0547349 -2.004978541 0.02315941358
186.1415251 -120.3345313 -1.965460488 0.02445133591
186.282327 -120.6073251 -1.906983807 0.02578082073
186.4231289 -120.8710749 -1.838470976 0.02711904983
186.5679181 -121.1320174 -1.766377547 0.0284691842
186.7383302 -121.4262948 -1.689559856 0.02997445708
186.8835949 -121.6677631 -1.63741505 0.031144992
187.0288596 -121.9027964 -1.601412316 0.03217644685
187.1741243 -122.1338969 -1.583462776 0.03303607269
187.319389 -122.3637397 -1.584077017 0.0336893854
187.4646537 -122.5949846 -1.602554252 0.03409776727
187.619017 -122.845013 -1.639677199 0.03421366815
187.8217165 -123.1841194 -1.709400014 0.03376887636
187.9969851 -123.489823 -1.779547099 0.03273804065
188.1722536 -123.8077282 -1.846362963 0.03102640136
188.3183613 -124.080807 -1.888784923 0.02905205818
188.464469 -124.3585764 -1.908964161 0.02659625162
