0 0.01 0 5.195512218e-07
0.001 0.009999995134 -9.597398833e-06 5.195511947e-07
0.006 0.009999848962 -4.552318354e-05 5.195462947e-07
0.02259882049 0.009998990663 -2.119045317e-05 5.194486805e-07
0.04567954398 0.01000228249 0.0003766682012 5.205255609e-07
0.0788195973 0.01003397978 0.001678798944 5.377310144e-07
0.1220629934 0.01016566403 0.0046486984 6.491858673e-07
0.174452853 0.01054374853 0.0101217782 1.109874555e-06
0.2337059092 0.01138531643 0.01869725234 2.489768783e-06
0.2961593981 0.01290332497 0.03035071013 5.650993186e-06
0.3619833585 0.01538066391 0.04537519655 1.192623465e-05
0.4321134816 0.01920866057 0.06427094533 2.337852276e-05
0.507755902 0.02493800121 0.08771963067 4.320938442e-05
0.5903973665 0.03335887026 0.1166085495 7.642799767e-05
0.6820383193 0.04564642043 0.1521203912 0.0001310518993
0.7830317983 0.06313564924 0.1947712638 0.000217800968
0.8907402656 0.0867077226 0.2433838609 0.0003467992975
1.004918918 0.1175568476 0.2972874444 0.0005309001985
1.12601622 0.1570909828 0.3557459045 0.0007854745703
1.254920101 0.2069587926 0.4178076015 0.001128695316
1.389587633 0.2674887209 0.4806571872 0.001569867982
1.524255166 0.3362458471 0.5397091161 0.002095294638
1.658922698 0.4126090013 0.5933715542 0.00270134773
1.795557141 0.4970191144 0.6409340266 0.003391559298
1.935431699 0.5895965845 0.6813068784 0.004166050735
2.07999776 0.6905280367 0.7133345545 0.005024240392
2.231048547 0.8001141958 0.7357456736 0.005964872458
2.3910911 0.9189392731 0.7470557423 0.006986800269
2.564152815 1.048277708 0.745289499 0.008091183591
2.75177237 1.186723759 0.7279662962 0.009250873957
2.939391926 1.320525519 0.696035654 0.01033465068
3.127011481 1.447082794 0.6509731475 0.0113105666
3.290944446 1.549889561 0.6018218999 0.0120556585
3.45487741 1.6439343 0.5441442335 0.01268878581
3.618810374 1.727844799 0.4782011774 0.01320441987
3.782743339 1.800266878 0.4039537177 0.01360249728
3.946676303 1.859816981 0.3210890429 0.01388837164
4.110609268 1.905041139 0.2290711049 0.01407260534
4.274542232 1.934383868 0.1272105113 0.01417057408
4.438475196 1.946169963 0.01475231817 0.01420183268
4.613968742 1.937289111 -0.1181858662 0.01418726747
4.805434656 1.899552046 -0.2787409041 0.01414972013
4.970567296 1.841171007 -0.4303391562 0.01412867332
5.135699935 1.756789141 -0.5934741904 0.01414259434
5.300832575 1.644618542 -0.766529535 0.01421024902
5.465965215 1.503246647 -0.9465102668 0.01434433151
5.631097854 1.331895436 -1.128669958 0.01455080848
5.815944136 1.104779427 -1.326782465 0.01486806259
5.978813788 0.8753941114 -1.486920999 0.01522061594
6.114087129 0.6662185581 -1.602568465 0.01556534984
6.232768916 0.4708601778 -1.68654032 0.01590911031
6.351450702 0.2666704529 -1.750949092 0.01629594003
6.444134438 0.1026460281 -1.786227903 0.01663168541
6.536818173 -0.06401248666 -1.807747869 0.01700010993
6.629501908 -0.232026464 -1.815523962 0.0174036689
6.72809485 -0.4108371812 -1.809326166 0.01787316604
6.837254017 -0.6072427542 -1.786581928 0.01844124041
6.960272821 -0.8245683945 -1.743936432 0.01913817375
7.104945205 -1.072163929 -1.676318618 0.02002156308
7.252186344 -1.313133544 -1.595416147 0.02096775693
7.401562366 -1.544973069 -1.50845401 0.02194494959
7.563871061 -1.782225964 -1.415917871 0.02298793929
7.729094882 -2.008923868 -1.330022529 0.02399021338
7.894318704 -2.222423465 -1.256672287 0.02489807423
8.032986382 -2.393076052 -1.206434459 0.02556671828
8.17165406 -2.557512208 -1.16703441 0.02613576577
8.310321737 -2.717232283 -1.138358996 0.02659327301
8.448989415 -2.873692355 -1.11990644 0.02692777497
8.587657093 -3.028259069 -1.110904359 0.02712743834
8.730503852 -3.186818216 -1.110486346 0.02717865189
8.88219703 -3.355778898 -1.118497569 0.02704461309
9.049734303 -3.544484686 -1.135415673 0.02664816331
9.253317319 -3.778395988 -1.163498664 0.02577894638
9.489613915 -4.057546203 -1.198907039 0.02418763432
9.72591051 -4.344367131 -1.226319496 0.02194291118
9.893108297 -4.550197973 -1.233599191 0.01997550115
10.06030608 -4.756001389 -1.22517499 0.01773688142
10.20152459 -4.927596262 -1.202405262 0.01568371198
10.34274309 -5.094815865 -1.162893848 0.01353949209
10.4839616 -5.255181838 -1.10517322 0.01136968853
10.6251801 -5.40607595 -1.028757469 0.009245954013
10.76639861 -5.544887754 -0.9342509819 0.007240495209
10.90761711 -5.669169113 -0.8233356811 0.005420005126
11.04883562 -5.776778525 -0.6986426921 0.003840116223
11.17302313 -5.856260715 -0.5802600205 0.002682022118
11.29721065 -5.920674818 -0.4564274325 0.001757692862
11.42139816 -5.96951458 -0.3299067441 0.001072485901
11.54558568 -6.002619928 -0.2034925819 0.0006214463854
11.6697732 -6.020174531 -0.07991110053 0.0003905115115
11.79396071 -6.022692086 0.03826069369 0.0003581699303
11.91814823 -6.010993734 0.1486577988 0.0004973762426
12.04764972 -5.98484365 0.2532286757 0.0007921885022
12.20345571 -5.936659198 0.3619525751 0.001298334007
12.38945549 -5.859372698 0.4637303144 0.002036608151
12.57545528 -5.766222633 0.5321674469 0.002829257777
12.7380851 -5.676756754 0.5636481318 0.003503475891
12.90071492 -5.584316008 0.5688634291 0.004117297822
13.06334475 -5.493096441 0.5488644028 0.004643204369
13.22597457 -5.407069347 0.5053260019 0.005066053934
13.39285185 -5.328032514 0.4383508352 0.005388743973
13.56181177 -5.261159889 0.3499956575 0.005607141983
13.73077169 -5.210783035 0.243509448 0.005732078238
13.87203856 -5.183406886 0.1423680094 0.005780998417
13.99571973 -5.171690233 0.04596229895 0.005795479888
14.1194009 -5.17229832 -0.05676742608 0.005795583999
14.24308208 -5.185951643 -0.1648133572 0.005793272587
14.37291311 -5.214962635 -0.2827528831 0.005801274713
14.51026862 -5.262577767 -0.4110077553 0.005835809254
14.65489744 -5.33190669 -0.5478034371 0.005916716657
14.80782305 -5.426699321 -0.6914709406 0.006068092192
14.97304069 -5.553434616 -0.8413701572 0.006324146915
15.16453777 -5.730177824 -1.00144513 0.006759391515
15.34862178 -5.92709937 -1.133890008 0.007331809999
15.5327058 -6.145911107 -1.238223009 0.00806355855
15.71678981 -6.380927632 -1.309316494 0.008956387682
15.90087383 -6.625782678 -1.34505538 0.01000354016
16.08495784 -6.874047162 -1.346897811 0.01118713236
16.28656182 -7.142958802 -1.315704601 0.01260369229
16.45164048 -7.356624206 -1.270533917 0.01382042107
16.61671915 -7.561794061 -1.213706245 0.01505145842
16.78179781 -7.756989216 -1.150506986 0.01626201342
16.95181225 -7.946889566 -1.083419206 0.01745366777
17.14368669 -8.147632097 -1.009661201 0.018695232
17.32173523 -8.321633142 -0.9457423828 0.01972238614
17.49978376 -8.484741145 -0.8873984482 0.02061073025
17.65615442 -8.619810921 -0.840872981 0.02126716148
17.81252508 -8.747926415 -0.7983576958 0.0218030042
17.96889573 -8.869663567 -0.7591592173 0.02221621111
18.12526639 -8.985474163 -0.72239957 0.02250692363
18.28163704 -9.095664075 -0.6871028366 0.02267739721
18.4380077 -9.200383209 -0.6522592128 0.02273211408
18.59437835 -9.299624049 -0.6168716263 0.02267801551
18.75252192 -9.394254346 -0.5795598274 0.02252251481
18.91264628 -9.483871612 -0.5392967046 0.02227516437
19.07277063 -9.566785286 -0.495700113 0.02195426866
19.23289499 -9.642402637 -0.4480555887 0.02158015513
19.39301935 -9.710027497 -0.3957880379 0.02117620674
19.5531437 -9.768883582 -0.3384733182 0.02076829428
19.71326806 -9.818139191 -0.2758436835 0.02038393914
19.85376003 -9.852767915 -0.2164218361 0.02008831455
19.99425199 -9.878754928 -0.1528315389 0.01985106298
20.11618896 -9.893854533 -0.09432465872 0.01970606338
20.23812593 -9.901636767 -0.032829482 0.01962860059
20.3600629 -9.901743741 0.03154518282 0.01962766079
20.48199987 -9.893831402 0.09868342672 0.01971054294
20.60393684 -9.877569561 0.1684761776 0.0198825748
20.72587381 -9.852640176 0.2408356614 0.02014686547
20.85263217 -9.817204473 0.3187214001 0.02052011118
20.98335829 -9.770134909 0.4018879729 0.02100783017
21.11712009 -9.710516672 0.4900482156 0.0216085993
21.25317447 -9.637555239 0.5830672623 0.02231420339
21.39096197 -9.5505149 0.680981624 0.02310955563
21.52874947 -9.449706566 0.7829717833 0.02396410188
21.66851813 -9.332780118 0.8909599292 0.02486256176
21.8082868 -9.200423542 1.003801748 0.02575693437
21.94805546 -9.051950518 1.121556291 0.02660379453
22.08782413 -8.88669465 1.243838855 0.02735210688
22.22985357 -8.700991379 1.371598377 0.02795151285
22.37462036 -8.492906139 1.503110427 0.02832619904
22.52611334 -8.254917978 1.637820724 0.02838341291
22.6999296 -7.957605233 1.780024303 0.02792799697
22.83858078 -7.703958221 1.875306954 0.02710964807
22.97723195 -7.438727069 1.945727121 0.02586871393
23.09650419 -7.204335462 1.980149537 0.0244772118
23.21577643 -6.967527759 1.98557866 0.02282331075
23.33504867 -6.731969168 1.958809484 0.02096398216
23.45432091 -6.501602743 1.898450133 0.01897224498
23.57359314 -6.280417199 1.805133822 0.01692979961
23.69773502 -6.064035804 1.675742273 0.01483822997
23.83084416 -5.851979503 1.505555789 0.01272793361
23.97744537 -5.646852922 1.288430454 0.01065863929
24.14199128 -5.456728544 1.018883628 0.008744906953
24.32091575 -5.302056616 0.7079714601 0.007216906927
24.49984021 -5.203793094 0.3900478186 0.006278354284
24.64555208 -5.165793192 0.1320317908 0.005930081089
24.79126394 -5.165088838 -0.1213243488 0.005922567253
24.93951829 -5.201711822 -0.3711271822 0.006222606603
25.1212475 -5.295848444 -0.6614881434 0.006939900078
25.29246556 -5.430999053 -0.9130696613 0.007881751474
25.46368361 -5.606884816 -1.136031173 0.00899236145
25.60707504 -5.781509796 -1.29493502 0.009992615089
25.75046646 -5.976802919 -1.423591075 0.0110132773
25.89385789 -6.18814457 -1.518265605 0.01202332801
26.03724931 -6.410484904 -1.576805994 0.01300188005
26.18288042 -6.642195478 -1.599265337 0.01395089527
26.34944079 -6.907760583 -1.582445609 0.0149720895
26.50241404 -7.146406594 -1.532784094 0.01584354188
26.65538729 -7.375408418 -1.457600686 0.01664434369
26.80836054 -7.59143439 -1.364353243 0.01736550565
26.9613338 -7.792257306 -1.259879456 0.01799701962
27.11430705 -7.976603217 -1.149726363 0.01852994748
27.27627303 -8.153231494 -1.031298461 0.01898031763
27.4766361 -8.345282495 -0.8862100216 0.01937378368
27.63506532 -8.476751505 -0.7737977766 0.01956302018
27.79349455 -8.590563662 -0.6631942928 0.01965658675
27.95192377 -8.686933326 -0.5533919807 0.01967080463
28.0883741 -8.755971558 -0.4583573552 0.01963512702
28.22482444 -8.811948242 -0.3617571337 0.01957121908
28.36127477 -8.854572175 -0.2624489548 0.01949611046
28.48071724 -8.880574513 -0.1723892662 0.01943552364
28.60015971 -8.895605356 -0.07861271357 0.01939308669
28.70244434 -8.899389498 0.005201117222 0.01938090487
28.80472896 -8.894415234 0.09271357264 0.01939938907
28.9122657 -8.879302229 0.189157184 0.01946016917
29.02860364 -8.850959117 0.2991109898 0.01958275286
29.15254127 -8.806275353 0.4231919884 0.01978772323
29.28223075 -8.742536349 0.5611750942 0.0200924601
29.41596964 -8.657470398 0.7124768097 0.02050783404
29.55242397 -8.549185179 0.8761855639 0.02103568548
29.69085961 -8.41587444 1.051157672 0.0216681179
29.83149086 -8.255103335 1.236285056 0.02238922423
29.9761713 -8.06216962 1.431097812 0.02317953269
30.13077406 -7.824859943 1.637915139 0.02402700678
30.2928396 -7.542550945 1.842887121 0.02485237508
30.42855438 -7.281854033 1.995151364 0.0254467131
30.56426915 -7.002247138 2.12004018 0.02592437942
30.69998393 -6.708039068 2.209047826 0.02627753129
30.83569871 -6.404556228 2.255962191 0.02651852181
30.97141349 -6.097726259 2.2583326 0.02667586653
31.11497046 -5.77612606 2.214678425 0.02679061104
31.25471952 -5.471907463 2.13352534 0.02688588632
31.39446859 -5.18112236 2.024229224 0.02698566682
31.53421765 -4.906938459 1.897748362 0.02709378176
31.67396671 -4.651028084 1.764270992 0.02720027583
31.8217999 -4.400602009 1.624580328 0.02729111594
31.97628454 -4.160369342 1.487512355 0.02733646165
32.13076918 -3.940302841 1.3640155 0.02730680615
32.26119059 -3.768543927 1.271757512 0.02720916034
32.391612 -3.608091854 1.1905686 0.02703637285
32.52203341 -3.457537858 1.119827469 0.02678319149
32.65245482 -3.315583026 1.058506929 0.02644662742
32.78287623 -3.181078493 1.005359042 0.02602551368
32.91329764 -3.053045252 0.9590445664 0.02552020998
33.04658691 -2.92804794 0.9173729255 0.02491863639
33.18435491 -2.80436127 0.8788587143 0.0242099448
33.32771344 -2.681030635 0.8421875525 0.02338460085
33.47765686 -2.557481993 0.8059929963 0.02243456669
33.63499029 -2.433597684 0.7688212808 0.02135591923
33.80009039 -2.309919159 0.7291798553 0.02015347175
33.97260996 -2.187834143 0.6856886044 0.01884642238
34.15140943 -2.06950267 0.6373068683 0.01747130099
34.33505366 -1.957340258 0.5834956298 0.01607736781
34.52274762 -1.853323451 0.524177479 0.0147155224
34.71517921 -1.7586219 0.4595367234 0.01342853829
34.91530543 -1.673613419 0.3897458672 0.01224682791
35.13081033 -1.597773111 0.3143128849 0.01118467817
35.39485834 -1.52653539 0.2266736209 0.01019829334
35.58922692 -1.48816315 0.1695133322 0.00968273045
35.7835955 -1.460021132 0.1218872669 0.009319574213
35.94491258 -1.442926762 0.09158222534 0.009109598789
36.10622967 -1.429942188 0.07115269248 0.008958618518
36.24729274 -1.420631102 0.06233232908 0.00885677162
36.38835582 -1.411926799 0.06264792163 0.008767607049
36.52941889 -1.402502458 0.07261424132 0.008677989308
36.67048197 -1.390969438 0.0925916598 0.008577107253
36.81154504 -1.375899635 0.1227778332 0.008457034466
36.95260812 -1.35584914 0.1631970855 0.008313105101
37.09525133 -1.329045552 0.2143066252 0.008142067372
37.23789455 -1.294238915 0.2753233447 0.007947703336
37.38053777 -1.250058361 0.3456092814 0.007735724007
37.52467586 -1.194609182 0.425103547 0.007512561239
37.66881396 -1.127163414 0.5118223202 0.007292040229
37.81624735 -1.044801661 0.6062459663 0.007083554108
37.96752651 -0.9455126684 0.7068096208 0.006904505005
38.12504364 -0.8258532793 0.8123572452 0.006775339012
38.29384706 -0.6793760542 0.9221504755 0.006725291753
38.44370066 -0.5342955545 1.012740041 0.006777016359
38.59355425 -0.3763605578 1.093130178 0.006935634005
38.71196543 -0.2436260782 1.147270497 0.007145396932
38.8303766 -0.105046699 1.191657614 0.007435216793
38.92963674 0.01473954357 1.22063257 0.007742214826
39.02889689 0.1370128303 1.241733525 0.008108419367
39.13257289 0.2665272094 1.255269205 0.008553536601
39.24576642 0.4089962316 1.260344827 0.009110033238
39.36979989 0.5651019054 1.254994633 0.009798523944
39.50678519 0.735936935 1.237315733 0.01064333427
39.66179643 0.9253845897 1.205101956 0.01168592612
39.84466616 1.141349177 1.155139251 0.01299725495
40.0275359 1.347414277 1.097763636 0.01435026563
40.21040563 1.542705797 1.038069498 0.01569792735
40.40905402 1.742600896 0.9751164742 0.01710778697
40.59736138 1.920957693 0.9201180995 0.01835442255
40.78566874 2.089508698 0.871101973 0.01948511651
40.94806504 2.227888758 0.8338947057 0.02035106885
41.11046134 2.360591097 0.8011029562 0.0211053002
41.27285764 2.48828925 0.7721504277 0.02174016222
41.43525393 2.611546262 0.746268406 0.02224988215
41.59765023 2.730790433 0.7225778477 0.02263038639
41.76004653 2.846302524 0.7001490626 0.02287937795
41.92527824 2.960133121 0.6776550472 0.0229974981
42.09547886 3.073458405 0.6538148024 0.02297907602
42.27127823 3.186112645 0.6274222283 0.02281720139
42.45228059 3.297004779 0.597306683 0.02251063229
42.63678905 3.404074613 0.5625238957 0.02207036139
42.82129751 3.504278365 0.5227525087 0.02152604309
43.00580596 3.596631534 0.4773378501 0.02090867827
43.19031442 3.680052081 0.4258839426 0.02025423197
43.37482288 3.753411585 0.368289087 0.01960203169
43.53655608 3.808557772 0.3129146745 0.01906416063
43.69828928 3.854401649 0.253329573 0.01858570562
43.86002249 3.890302438 0.1900594543 0.0181909805
43.99672108 3.912487829 0.1342094062 0.01793810536
44.13341967 3.92691888 0.07669219864 0.01776982331
44.2439398 3.932783181 0.02932898123 0.01770052212
44.35445992 3.933384875 -0.01849266713 0.01769338185
44.46498005 3.928689399 -0.06648166036 0.01774920834
44.57804872 3.918401288 -0.1154527396 0.01787083021
44.696828 3.901653361 -0.166444744 0.0180664648
44.82033893 3.877861592 -0.218646879 0.0183390895
44.94722447 3.846777502 -0.2710813053 0.01868565214
45.07645635 3.808375494 -0.3229508464 0.01909848842
45.20737395 3.762753939 -0.3736781898 0.01956667878
45.33829155 3.710620953 -0.4224014738 0.02007184872
45.47144233 3.651198175 -0.4697937483 0.02060858761
45.60595374 3.58491171 -0.5154179706 0.02115797302
45.74046516 3.512639427 -0.5588036195 0.02169746122
45.87753095 3.433144069 -0.6007906357 0.02221904032
46.01649538 3.346823932 -0.6411915749 0.02270018419
46.15749065 3.253652273 -0.6800993262 0.0231201746
46.30080379 3.153471507 -0.71764322 0.02345726129
46.44676639 3.046051238 -0.7539212756 0.02368797192
46.59574755 2.931096347 -0.7889547583 0.02378683404
46.74819077 2.808229207 -0.8226379042 0.02372616569
46.9047114 2.676925758 -0.854676089 0.02347566554
47.06631557 2.536346865 -0.8845050728 0.02300110758
47.23491034 2.384903949 -0.9111688468 0.02226012472
47.41476939 2.218936931 -0.9330731743 0.02118766139
47.61790942 2.02774912 -0.9470969214 0.01963620598
47.82639981 1.830085382 -0.9461282735 0.01770617047
47.99093628 1.675409137 -0.9318532533 0.01598773585
48.15547274 1.524192363 -0.9038343608 0.01415135464
48.32000921 1.378800577 -0.8609090318 0.01225905692
48.48454567 1.24173335 -0.8026459526 0.01038034418
48.62889755 1.130312085 -0.7392508218 0.008799903102
48.77324943 1.028815484 -0.6653455447 0.0073310159
48.91760132 0.9386580234 -0.5824435128 0.006013845169
49.0619532 0.8609983947 -0.4925603201 0.004879949596
49.20630508 0.79667433 -0.3981068889 0.003950243264
49.35065696 0.7461548579 -0.3017574585 0.003233966574
49.49500884 0.7095124663 -0.2063083294 0.002728726399
49.63936072 0.686415481 -0.1145410304 0.002421514264
49.7837126 0.6761392599 -0.02909973721 0.002290500895
49.93012361 0.6776927666 0.04863169696 0.002308500665
50.07653462 0.6898347172 0.1152097722 0.002444877055
50.22294563 0.7107970257 0.1688585674 0.002664431549
50.36935664 0.7385828422 0.2082324893 0.002932963779
50.51576766 0.7710304732 0.2324247917 0.00321935014
50.66217867 0.8058768672 0.2409536402 0.00349713291
50.80858968 0.8408176502 0.2337297522 0.003745590827
50.95500069 0.8735614212 0.2110114426 0.003950311246
51.08182747 0.8984240153 0.1792301911 0.004085972142
51.20865425 0.918571312 0.136749667 0.004181321055
51.33548104 0.9326854521 0.08420531251 0.00423818245
51.43758758 0.9388255946 0.03509197589 0.00425910552
51.53969412 0.9396608478 -0.01962715165 0.004261714018
51.64180066 0.9346429976 -0.0794710418 0.004250506732
51.74869438 0.9225789036 -0.1470363081 0.004229633926
51.86335963 0.9013300034 -0.2243538136 0.00420424067
51.98519058 0.8687603921 -0.3109922278 0.004183300893
52.1134498 0.8228200412 -0.4058808307 0.004179439819
52.24797369 0.7613839941 -0.5077442762 0.004208610608
52.38941092 0.6819601819 -0.6152104483 0.004290523732
52.53964785 0.5810916783 -0.7268946651 0.004450762669
52.69591676 0.4588034935 -0.8368332749 0.004713012291
52.82519283 0.3451405736 -0.9202852466 0.005013031137
52.95446889 0.2212503645 -0.9947275647 0.005394209076
53.05934518 0.1141078339 -1.04722687 0.005765459082
53.15024628 0.01708971066 -1.086327315 0.006132828984
53.24114738 -0.08319583232 -1.11906156 0.006542328352
53.33736757 -0.19225207 -1.146491407 0.007020700666
53.44305158 -0.3146306717 -1.167926656 0.007597103368
53.55834451 -0.4501427324 -1.181064065 0.008282454847
53.6837055 -0.5984944976 -1.183797592 0.009087064209
53.82100237 -0.7605114628 -1.174253453 0.01002692366
53.97464991 -0.9392562864 -1.150335303 0.0111314486
54.15293242 -1.140840608 -1.109018885 0.01244991113
54.33121492 -1.334107874 -1.057829345 0.01376839631
54.50949742 -1.517703719 -1.001193536 0.01504764407
54.68777993 -1.690985541 -0.9426210445 0.01625343582
54.88828608 -1.873418661 -0.8774052234 0.01748766172
55.08241209 -2.037798227 -0.8165784827 0.01853370463
55.2765381 -2.190633065 -0.7584419707 0.01941599243
55.44669681 -2.315486845 -0.709273195 0.02004734725
55.61685552 -2.432059355 -0.6609464536 0.02054417326
55.78701424 -2.540405968 -0.6123944034 0.02090876951
55.95717295 -2.640385737 -0.5623920285 0.02114742485
56.12733166 -2.73164163 -0.5096359068 0.02127065335
56.29749038 -2.813592444 -0.4528029198 0.02129350329
56.46764909 -2.885433265 -0.3905926213 0.02123580957
56.6378078 -2.946141981 -0.3217564705 0.0211222593
56.78464087 -2.988643582 -0.2561245906 0.02100174444
56.93147393 -3.0210377 -0.1839682803 0.02088264396
57.05840919 -3.040123325 -0.1158148217 0.02079846274
57.18534445 -3.050194657 -0.04187114274 0.02074795951
57.2972703 -3.050991853 0.02845041441 0.0207438089
57.40919615 -3.043636481 0.1038512968 0.02078844296
57.52499168 -3.026825205 0.1874883037 0.02089649699
57.6475902 -2.998079638 0.2826036425 0.0210903401
57.77592238 -2.955020914 0.3897773875 0.021391236
57.90840114 -2.895585294 0.5089956614 0.02181541836
58.04358678 -2.818027036 0.6400522065 0.02237145079
58.18027956 -2.720912265 0.7825619724 0.02305800956
58.31697234 -2.603621958 0.9352408618 0.02385890521
58.45366511 -2.464779715 1.09780031 0.02475324258
58.59035789 -2.303092068 1.26926082 0.02570854512
58.72857923 -2.115253144 1.449600694 0.0266908635
58.8702998 -1.896480437 1.637924749 0.02765444308
59.02223258 -1.632429574 1.836657049 0.02855735832
59.18493454 -1.317241037 2.033823913 0.02927563255
59.31364526 -1.046587247 2.167656725 0.02960260643
59.44235597 -0.7604953747 2.272248474 0.0296880476
59.54940423 -0.5138571949 2.33108903 0.02957448409
59.65645249 -0.2624658375 2.360601559 0.02930778304
59.73898722 -0.06744243174 2.36213653 0.0290132068
59.82152195 0.1269397978 2.345123278 0.02865710101
59.90635117 0.3244738863 2.309057653 0.02824361165
60.00124217 0.5408583873 2.248244025 0.02774461517
60.10962541 0.7797315216 2.156035299 0.02715344633
60.23931499 1.050833815 2.020973227 0.02644869012
60.36900456 1.303154071 1.867938591 0.02577139886
60.5006255 1.538230804 1.703164298 0.0251238833
60.64056219 1.764132009 1.525617816 0.02448029744
60.80650735 2.000120701 1.319973463 0.02376885138
60.94867185 2.175732542 1.152013706 0.02319584232
61.09083634 2.328096896 0.9929791888 0.02265227007
61.23300084 2.458475909 0.842578081 0.02213907327
61.35481501 2.553577329 0.7196637614 0.02172782566
61.47662919 2.633983962 0.6011178232 0.0213493763
61.59844336 2.700154846 0.4857271721 0.0210119046
61.72025754 2.752398167 0.3722408046 0.02072503577
61.84207171 2.790870624 0.2594301921 0.02049934378
61.94474206 2.812613874 0.1640092675 0.02036473101
62.04741242 2.824513673 0.06757483339 0.02028795225
62.15008278 2.82643381 -0.03049249748 0.02027526106
62.25275313 2.818176626 -0.1307702972 0.02033234669
62.35542349 2.799487332 -0.2337936935 0.02046404857
62.46377605 2.768109207 -0.3460376586 0.02068800642
62.57898686 2.72115331 -0.4699155686 0.02102454304
62.70029116 2.655960337 -0.6059511529 0.02148848905
62.82659124 2.570141192 -0.7541675189 0.02208631851
62.9567933 2.46160771 -0.9142112352 0.02281340658
63.09001681 2.328493692 -1.085328306 0.02365244802
63.22592938 2.168738367 -1.266487421 0.02457433297
63.36533354 1.978952766 -1.456792453 0.02554176664
63.51158469 1.75124288 -1.65668172 0.02651568439
63.67391088 1.464819079 -1.869781581 0.02745604399
63.8129205 1.19318389 -2.034740698 0.02807036742
63.95193012 0.900380623 -2.17253008 0.02845742609
64.06784581 0.6432581787 -2.258987051 0.02858974453
64.17004878 0.4095934582 -2.309252276 0.02856558234
64.27225176 0.1721516449 -2.332608496 0.02842293831
64.35791761 -0.02773140311 -2.330697334 0.0282270325
64.44358345 -0.2266184187 -2.309473109 0.02797704052
64.53414227 -0.4339968074 -2.267259004 0.02767089849
64.635709 -0.6609537464 -2.198341789 0.02729688958
64.75315981 -0.9133105978 -2.095213751 0.02684888176
64.88413624 -1.178987878 -1.958613322 0.02635417093
65.01511266 -1.425778252 -1.808303141 0.02587874831
65.14988148 -1.658696242 -1.647905861 0.02541233104
65.29875057 -1.890864653 -1.47195227 0.02491739753
65.45305632 -2.104369336 -1.296944302 0.024415424
65.60736206 -2.291671025 -1.132630897 0.02391481365
65.73596056 -2.428999031 -1.004436658 0.02349549927
65.86455905 -2.550329527 -0.8837003451 0.02307554454
65.99315755 -2.656561372 -0.7694230087 0.0226595451
66.12175605 -2.74844527 -0.6603313592 0.02225491924
66.25035455 -2.826559473 -0.5550386147 0.02187141863
66.37895304 -2.891302566 -0.4521512553 0.0215206247
66.50755154 -2.942897167 -0.3503341318 0.02121544735
66.61783668 -2.976718372 -0.262923642 0.0210004709
66.72812183 -3.000859008 -0.1746634801 0.02083799136
66.83840697 -3.015188231 -0.08488942108 0.02073675782
66.92722754 -3.019461157 -0.0110701712 0.02070545761
67.01604811 -3.017105103 0.06442536106 0.02072337449
67.10894665 -3.007372714 0.1454842276 0.02079873196
67.21062475 -2.987953313 0.2370131996 0.02095168344
67.32053402 -2.956299118 0.339672991 0.02120380069
67.43739201 -2.91000194 0.4535448827 0.02157354669
67.5599515 -2.84680781 0.5787166033 0.0220740567
67.68703687 -2.76466243 0.7152162183 0.02271045918
67.81753088 -2.661781552 0.8628569271 0.02347708578
67.95045078 -2.53665921 1.021126621 0.02435561851
68.08514281 -2.387885274 1.189183086 0.02531518795
68.2216128 -2.213595202 1.366003862 0.02631467133
68.3611119 -2.010175066 1.550788715 0.02730628232
68.5077279 -1.768572559 1.744218953 0.02823929148
68.66872919 -1.471273408 1.946008946 0.02903397687
68.80373099 -1.198153393 2.096385842 0.02944153551
68.9387328 -0.9064911887 2.218996362 0.0295674933
69.05382422 -0.6464897132 2.294144304 0.02944161054
69.15542563 -0.4111687595 2.333642846 0.0291604725
69.25702704 -0.173223145 2.34554687 0.02873932663
69.34240856 0.02667504519 2.333587804 0.0282967803
69.42779008 0.2247074196 2.301979376 0.0277930546
69.51827977 0.430736554 2.24838106 0.02721380273
69.62009061 0.6556408087 2.166119268 0.02653244397
69.73844404 0.9051529281 2.046499474 0.02573373965
69.87025153 1.164866044 1.891172619 0.02487001575
70.00205903 1.40307294 1.721652305 0.02405651529
70.13733465 1.623803726 1.54128985 0.02328408758
70.28551218 1.837516367 1.343763937 0.02251150698
70.46417249 2.056796007 1.11263376 0.02167657937
70.60103327 2.197391571 0.9430893981 0.02110537541
70.73789404 2.315246455 0.7802337909 0.02059466134
70.87475481 2.411224413 0.6231914452 0.02014953403
70.99311891 2.477135624 0.4909701433 0.01982392839
71.111483 2.527537215 0.360934769 0.019560799
71.2298471 2.562619597 0.2319268663 0.01936820002
71.33022968 2.580410506 0.1224620894 0.01926641936
71.43061226 2.587179815 0.01222438685 0.01922651076
71.53099484 2.58281731 -0.09942912011 0.01925315003
71.63137742 2.56715059 -0.2130926531 0.01935032526
71.73810613 2.537837134 -0.336743257 0.01953432531
71.85261289 2.491504161 -0.473223879 0.01982624671
71.97408165 2.424985958 -0.6228818598 0.02024219388
72.10137619 2.33541135 -0.7854704003 0.02078992298
72.23346884 2.220173301 -0.960341229 0.02146614364
72.36978287 2.076633487 -1.146517096 0.02225558452
72.51083736 1.901074911 -1.343117097 0.02313360928
72.65983202 1.685451083 -1.550761805 0.02407448771
72.82472803 1.411301992 -1.771875995 0.02505248333
72.96612407 1.148322898 -1.944333392 0.02577201803
73.10752011 0.8627097981 -2.090262845 0.02633333963
73.22325042 0.6151902384 -2.182698822 0.0266575994
73.33898073 0.3586435012 -2.245571582 0.02686021195
73.42821851 0.1569368085 -2.271752694 0.02694123597
73.51745628 -0.04620896379 -2.277797249 0.02696750594
73.60669406 -0.2490028942 -2.263988377 0.02695104079
73.69951047 -0.4577010087 -2.229804166 0.02690198945
73.80301829 -0.6856112338 -2.170485265 0.02682435127
73.9224784 -0.9396614905 -2.079270716 0.0267220097
74.05403668 -1.205448565 -1.958516267 0.02660767487
74.18559496 -1.454436912 -1.825348385 0.02649578844
74.32194982 -1.693621131 -1.682765734 0.02637644786
74.47483564 -1.938803177 -1.525698297 0.02622336206
74.62437677 -2.155988524 -1.380767424 0.02603616469
74.7739179 -2.352354771 -1.247570496 0.02579699879
74.90330442 -2.506877153 -1.142545097 0.02554078014
75.03269093 -2.648411273 -1.046698751 0.02523606311
75.16207744 -2.778094389 -0.9591854415 0.02488335569
75.29146396 -2.896932733 -0.8788585649 0.02448577972
75.42085047 -3.005774045 -0.8044380312 0.02404867919
75.55023698 -3.105298285 -0.7346261462 0.02357929321
75.6796235 -3.196020665 -0.6681840561 0.02308649382
75.80901001 -3.278302608 -0.6039794362 0.022580563
75.93839652 -3.352367487 -0.5410139314 0.02207297611
76.06778304 -3.418318949 -0.4784365885 0.02157616298
76.19716955 -3.47616032 -0.4155475661 0.02110322685
76.32655606 -3.525814006 -0.3517948999 0.02066761232
76.45594258 -3.567140132 -0.2867660448 0.02028272386
76.58532909 -3.599953802 -0.2201752338 0.01996150536
76.7147156 -3.624040496 -0.1518473244 0.01971599752
76.8255464 -3.637558746 -0.09187187112 0.01957404337
76.93637719 -3.64435513 -0.03054846948 0.01950122062
77.04720798 -3.644280946 0.0321068164 0.01950209932
77.15803877 -3.637190247 0.09606222364 0.01957995651
77.26886956 -3.622940954 0.1612816097 0.01973664122
77.38420034 -3.600363792 0.230459492 0.01998369801
77.50497219 -3.568085286 0.3043197468 0.020332573
77.63039375 -3.525025974 0.3825830758 0.02078815102
77.75954781 -3.470316541 0.464918779 0.02134884751
77.89168189 -3.40321149 0.551146284 0.02200685246
78.0262239 -3.323024707 0.6412651252 0.02274818685
78.16273994 -3.229087545 0.7354295043 0.02355252386
78.30088126 -3.120732819 0.8338854335 0.02439276841
78.43902258 -2.998536283 0.9358811705 0.0252267253
78.57929175 -2.859773732 1.043286829 0.02602739392
78.71956092 -2.705676854 1.154471273 0.02673514092
78.86185239 -2.533183637 1.270483069 0.02730391212
79.0062597 -2.341094118 1.390017497 0.02766553629
79.15507457 -2.125112107 1.51217188 0.02774108215
79.31534341 -1.872604382 1.637153558 0.02740533864
79.48490909 -1.584868048 1.752885595 0.02650123198
79.61807385 -1.346475064 1.823991534 0.02536499169
79.75123861 -1.100176985 1.870511767 0.0238576662
79.88440338 -0.8496736895 1.886183979 0.02201478178
80.001886 -0.6287219441 1.870384223 0.02016279508
80.11936862 -0.411373747 1.824625147 0.01816424496
80.21829904 -0.2337601495 1.762484365 0.01642183427
80.31722946 -0.06333802253 1.679417981 0.01467461336
80.41615987 0.09788709683 1.576849296 0.01296825171
80.51509029 0.2480822006 1.456812526 0.01134466439
80.62371971 0.3983898137 1.307804302 0.009699990026
80.75261399 0.5545507181 1.112350663 0.00798582754
80.89366348 0.6953520866 0.8818035046 0.006452469783
81.03780649 0.8047812066 0.6352486382 0.005283895386
81.18194951 0.8782574751 0.3839113737 0.004522219453
81.32609252 0.9154795571 0.1330038248 0.004150569094
81.47023553 0.916831004 -0.1131251549 0.004136288581
81.61437854 0.8832827401 -0.3506081269 0.004435398453
81.75852156 0.8163514473 -0.5756833687 0.004996268406
81.90266457 0.7181058146 -0.7844202235 0.005762953477
82.02940378 0.6079414161 -0.9511299174 0.00656197086
82.15614298 0.4778108837 -1.099000773 0.007438972117
82.26451166 0.3526392243 -1.208317924 0.008225101022
82.37288034 0.2165553806 -1.300146377 0.009025167531
82.46234631 0.09737832157 -1.361861334 0.009685249823
82.55181227 -0.0267289675 -1.410302202 0.01033742377
82.64127823 -0.1545672331 -1.44525496 0.01097615865
82.7332909 -0.2886670452 -1.46721773 0.01161455782
82.83338884 -0.4360794044 -1.475497202 0.01228365816
82.94305184 -0.5975826639 -1.467017749 0.01298236738
83.06426126 -0.7738554752 -1.438397857 0.01370871003
83.20162266 -0.9680077043 -1.385154248 0.01446842007
83.3506176 -1.168833941 -1.30763841 0.0152098229
83.49961254 -1.356932331 -1.215230601 0.0158584488
83.64860747 -1.530475515 -1.11302328 0.01640860886
83.79967628 -1.69039781 -1.003469067 0.01686260802
83.96067691 -1.842316281 -0.8833227744 0.0172318452
84.14526261 -1.992494378 -0.7436354857 0.01751740982
84.31889488 -2.110119676 -0.6110271375 0.01766730557
84.49252714 -2.204579664 -0.4766152368 0.017724935
84.63825946 -2.265673295 -0.3613470407 0.01772283771
84.78399179 -2.309732276 -0.2426314023 0.01769540495
84.90946386 -2.333570531 -0.1366951882 0.01766771952
85.03493592 -2.343854765 -0.02644732954 0.01765114542
85.16040799 -2.339993768 0.08890468743 0.01765980615
85.28588006 -2.321300705 0.2100859109 0.01770724049
85.41135213 -2.287004251 0.3377099649 0.01780571993
85.54341793 -2.233128229 0.4794884796 0.01797570734
85.68052383 -2.156823861 0.6349941315 0.01823291397
85.82114399 -2.055813075 0.8030413594 0.01858617388
85.96454865 -1.927885423 0.9822912469 0.01903647889
86.11136764 -1.769812124 1.171746258 0.01957892409
86.26479852 -1.574670549 1.371838999 0.02020910378
86.43661043 -1.320058287 1.590063735 0.02094881602
86.58712966 -1.067215573 1.766304673 0.02158598731
86.73764889 -0.7895777519 1.917721391 0.02218172254
86.85389017 -0.5610140633 2.010952393 0.02260325121
86.97013146 -0.323047922 2.078894571 0.02299167446
87.06037085 -0.133810319 2.112326766 0.02327506448
87.15061023 0.05765258262 2.128176448 0.02354863659
87.24084961 0.2497552369 2.126594056 0.02381879764
87.33567709 0.450630377 2.107137571 0.02410573205
87.44114469 0.6708768048 2.066311654 0.02443516564
87.56176771 0.9162646317 1.999170623 0.02483011885
87.69812317 1.182575259 1.90429331 0.02529844872
87.83447863 1.435062036 1.797854151 0.02577849569
87.97517321 1.680029927 1.68444315 0.02626551642
88.13411589 1.937811992 1.560667759 0.02677449913
88.28304313 2.162211283 1.454883387 0.02718188959
88.43197036 2.371820441 1.36242876 0.02749670119
88.5808976 2.568752369 1.284745145 0.02769906424
88.71210401 2.733512918 1.22861204 0.0277715778
88.84331041 2.891635336 1.183428511 0.02773568859
88.97451682 3.044497989 1.148257994 0.02758360143
89.10789123 3.195771984 1.121565231 0.02730250855
89.24642537 3.349707197 1.102038561 0.0268679499
89.39291786 3.510088459 1.088661965 0.02624236298
89.55132781 3.681811918 1.080266006 0.02536556709
89.72830075 3.872491721 1.075070207 0.02413296586
89.93559328 4.094803943 1.069431459 0.02235034259
90.17310017 4.347392532 1.055478659 0.01988820803
90.34797382 4.530313075 1.034683633 0.01783485265
90.52284746 4.708520634 1.00105123 0.01563779205
90.67573835 4.858516072 0.9589712045 0.01365605302
90.82862924 5.001090488 0.9038480944 0.01167714586
90.98152013 5.134212741 0.8353406831 0.009762157844
91.13441101 5.25586649 0.7539916915 0.007971397098
91.2873019 5.364186719 0.6612310232 0.006359325195
91.44019279 5.457590034 0.5592920531 0.004969904344
91.59308367 5.534886333 0.4510552979 0.003833053774
91.74597456 5.595362636 0.3398454729 0.002962685896
91.89886545 5.638834214 0.2292112965 0.002356487732
92.05175633 5.665662379 0.1227133415 0.00199731762
92.20464722 5.67674162 0.02373716319 0.001855869056
92.35753811 5.673460711 -0.06465932022 0.001894140114
92.53346796 5.654304608 -0.1499118033 0.002104723094
92.68446217 5.627175717 -0.2067630811 0.002378971745
92.83545638 5.592699417 -0.2470450406 0.002697314098
92.9864506 5.553448841 -0.2699024175 0.003024577451
93.13744481 5.51208698 -0.2749937282 0.003332066895
93.28843902 5.471292609 -0.2624415 0.003598560503
93.42006374 5.438249894 -0.2375045946 0.003786776747
93.55168846 5.409316693 -0.2001048357 0.003929462405
93.68331318 5.386088213 -0.1509531625 0.004026681866
93.79764449 5.371702563 -0.09937330899 0.004077088366
93.9119758 5.363655281 -0.04018525135 0.00410047192
94.02630711 5.36277755 0.02592404696 0.004102829752
94.14063842 5.36981835 0.09820281086 0.004091373671
94.25496974 5.385436725 0.1758282175 0.004074207017
94.37307959 5.41117286 0.260673827 0.004059686036
94.49746777 5.449363741 0.3539449979 0.004058640632
94.62829548 5.502247499 0.4548385664 0.004085632898
94.76589245 5.572207821 0.5620532692 0.004158809254
94.91151166 5.662250742 0.674168874 0.004301054896
95.06822204 5.777057383 0.7898751486 0.004544273462
95.24388381 5.926454223 0.9087549881 0.004944864123
95.45179146 6.128225833 1.027677158 0.005611640374
95.6596991 6.351657851 1.116105171 0.006496405249
95.86760675 6.589894528 1.169678324 0.007593215012
96.07551439 6.835574769 1.187990046 0.008878030451
96.28342204 7.081675563 1.174610665 0.01030866969
96.460635 7.287269884 1.14304562 0.01160080146
96.63784795 7.486008138 1.098064061 0.01291767865
96.81506091 7.675945838 1.044487806 0.01421899504
96.99227387 7.855942572 0.9864917921 0.01546762561
97.17479354 8.030429585 0.9254969696 0.01666532736
97.38696332 8.219365548 0.8558972365 0.01790999356
97.57453198 8.374322083 0.796780879 0.01885576662
97.76210064 8.518415406 0.739999858 0.01964349506
97.9496693 8.652025337 0.6848277363 0.02026771937
98.13723796 8.775343193 0.6300180588 0.02072909354
98.30210755 8.875185908 0.5809030511 0.0210052346
98.46697714 8.966774045 0.5296822804 0.02116896392
98.63184673 9.049660241 0.475137596 0.02123259739
98.79671632 9.12319598 0.4160530877 0.02121259977
98.96158591 9.186534651 0.351245814 0.02112970971
99.1264555 9.238638783 0.2795859716 0.0210088545
99.26754423 9.273390329 0.2120134859 0.02089691519
99.40863296 9.298161742 0.1380105396 0.02079799913
99.52701053 9.310554968 0.07052065935 0.02074034822
99.63015494 9.314609756 0.007415118075 0.02071951285
99.73329936 9.311938996 -0.05992601279 0.02073479702
99.84210852 9.301336894 -0.1357962432 0.0207989635
99.95970497 9.280262773 -0.2236588916 0.0209338023
100.0845583 9.246153785 -0.3239616259 0.02116216931
100.2146938 9.196757315 -0.4366044417 0.02150365045
100.3484159 9.130134879 -0.5613878314 0.02197183802
100.4843349 9.044661023 -0.6979994232 0.02257180883
100.620254 8.939933643 -0.8447194121 0.02329191396
100.756173 8.814577399 -1.001503074 0.02411815639
100.8920921 8.667255389 -1.167785081 0.02502596776
101.0295331 8.494715813 -1.344156614 0.02598985893
101.1690077 8.294407697 -1.528795286 0.02696423089
101.3141404 8.058486083 -1.721934916 0.0279064913
101.4778314 7.759281959 -1.931196826 0.02878548067
101.6155194 7.482229938 -2.089484725 0.02930007738
101.7532073 7.185149108 -2.220297825 0.02956053646
101.873114 6.913609868 -2.303519708 0.02956607983
101.9930207 6.63412541 -2.352010629 0.02937491295
102.1129274 6.351100896 -2.362206404 0.0290152544
102.2367644 6.060026517 -2.331950014 0.02851104931
102.3799165 5.73155395 -2.249263032 0.02782657855
102.5155151 5.434142951 -2.131900218 0.02713947227
102.6511137 5.154628192 -1.987124109 0.02645958
102.7867123 4.895992596 -1.825664013 0.025811008
102.9223108 4.659837554 -1.656954525 0.02520131625
103.068156 4.431443017 -1.475640258 0.02458559453
103.2264493 4.213023398 -1.28560923 0.02395425661
103.364193 4.046833573 -1.128869973 0.02342852428
103.5019368 3.901629724 -0.9808943288 0.02292161999
103.6396805 3.776229754 -0.8411652734 0.02243509885
103.7611455 3.681234357 -0.7238177207 0.02202758513
103.8826105 3.600216291 -0.6108237543 0.02164692368
104.0040755 3.53271951 -0.5009762402 0.02130145186
104.1255405 3.478436388 -0.3930497479 0.02100091955
104.2470055 3.437206436 -0.2858537032 0.02075603314
104.3519162 3.412082995 -0.1929880038 0.02059790636
104.4568269 3.396747589 -0.09914678549 0.0204968743
104.5437702 3.39155084 -0.02018343086 0.02046141158
104.6307135 3.393279843 0.06022441879 0.02047368
104.7217935 3.402671395 0.1463537095 0.02054137477
104.8219639 3.422183564 0.2437213664 0.02068446271
104.9306674 3.45457975 0.3529913208 0.0209247831
105.0465959 3.502478 0.4741977644 0.02128116509
105.1684856 3.568332601 0.6073872857 0.02176708735
105.2951474 3.654382054 0.7525121206 0.0223878216
105.4254692 3.762581739 0.9092442603 0.02313753288
105.5585422 3.894649495 1.076881381 0.02399763235
105.6939444 4.052410742 1.254423204 0.02493750732
105.8322362 4.238738698 1.440892305 0.02591774868
105.9760475 4.460016133 1.636211609 0.02689527689
106.1346665 4.736292739 1.845331047 0.02783489619
106.278329 5.01411458 2.01889572 0.02847997445
106.4219915 5.315088856 2.16564126 0.02886788136
106.5428048 5.582707158 2.25950122 0.02897185998
106.6636181 5.859685407 2.319683342 0.02887491464
106.7844313 6.141672485 2.341926572 0.02859952008
106.9052446 6.423967655 2.324812365 0.02818349604
107.0401592 6.733842367 2.261462876 0.02760862151
107.1806678 7.044422855 2.152914831 0.02694974394
107.3211765 7.337313075 2.011619752 0.02628245238
107.4616851 7.608745265 1.849421128 0.02563896112
107.6021937 7.856563002 1.677124954 0.02503172324
107.7448521 8.083204642 1.50059398 0.02445144879
107.9198173 8.327223625 1.290462882 0.02377924273
108.0592745 8.496011729 1.131603417 0.02326658797
108.1987316 8.643248368 0.9814020278 0.02277120484
108.3381887 8.770122147 0.8394223867 0.02229488224
108.4601384 8.865223115 0.7210606008 0.02189880598
108.5820881 8.946162211 0.6069702684 0.02152871681
108.7040378 9.013387508 0.4959463494 0.02119316015
108.8259876 9.067197801 0.3867574187 0.02090210618
108.9479373 9.107743073 0.2782014186 0.02066648569
109.0525009 9.131953735 0.1847585322 0.02051725204
109.1570645 9.146344469 0.09026561297 0.02042436375
109.2446494 9.150738551 0.009846723479 0.02039498772
109.3322343 9.148024657 -0.07210122022 0.02041382503
109.4249139 9.137247505 -0.1608442471 0.02049005062
109.5266479 9.1158123 -0.2610810851 0.02064433472
109.6367359 9.080928113 -0.3733742618 0.02089826975
109.7538718 9.029958996 -0.4977700279 0.02127012331
109.8767955 8.960445061 -0.6343017149 0.02177238939
110.0043159 8.870163055 -0.7828597657 0.02240882586
110.1353396 8.757180429 -0.94301717 0.02317167875
110.2690358 8.619755108 -1.113970655 0.02404045958
110.4051693 8.45587164 -1.294674992 0.02498327572
110.5446932 8.262037771 -1.484266876 0.02596063118
110.6912417 8.029894345 -1.683318866 0.02693155727
110.8594756 7.728089973 -1.901668887 0.02787532839
110.996234 7.456897691 -2.060625233 0.02843379306
111.1329924 7.165727374 -2.192096352 0.02875691545
111.2532534 6.896677013 -2.276973749 0.02883182076
111.3735144 6.619459641 -2.327132872 0.02871877727
111.4937755 6.338483255 -2.339147835 0.02844395022
111.6183361 6.048456308 -2.310891934 0.02803036864
111.7630812 5.719235248 -2.230110469 0.02744859842
111.898634 5.424315252 -2.115888557 0.02686308798
112.0341868 5.146819943 -1.974809304 0.02627955208
112.1697396 4.889668662 -1.817412715 0.02571947474
112.3052924 4.654424493 -1.652963963 0.02518885289
112.45161 4.425579122 -1.475693062 0.02464489779
112.6096943 4.207021362 -1.290950061 0.02408041439
112.7476482 4.039554351 -1.138376094 0.02359982791
112.885602 3.892527573 -0.9946154156 0.0231273003
113.0235559 3.764748397 -0.8591791478 0.02266441817
113.1615097 3.655145412 -0.7308630982 0.02221707926
113.2811071 3.574152715 -0.6241604043 0.02184921939
113.4007044 3.505728931 -0.520484246 0.02150839075
113.5203017 3.449580686 -0.4186904933 0.02120406245
113.639899 3.405549618 -0.3176713467 0.02094663748
113.7594963 3.373606302 -0.2163813498 0.02074705645
113.8605051 3.356107565 -0.1299035143 0.02063173002
113.961514 3.347411716 -0.04199458395 0.02057206905
114.0625228 3.347689199 0.04785219689 0.02057421375
114.1635317 3.357159904 0.1401095615 0.02064371437
114.2660273 3.376440637 0.2366420161 0.02078793143
114.3753772 3.408114512 0.3433499793 0.02102784089
114.4915561 3.454815282 0.4614508623 0.02138297359
114.6135668 3.518973769 0.5912643694 0.02186736188
114.7402708 3.602783057 0.7328322057 0.02248683089
114.8705525 3.708145345 0.8858987606 0.02323623416
115.0034586 3.836696031 1.049839824 0.02409770683
115.1384474 3.990071501 1.223707963 0.025041079
115.2758058 4.17065788 1.406473991 0.02602666301
115.4174677 4.383439235 1.597654391 0.02700960494
115.5698157 4.642332225 1.799712919 0.02794671396
115.7222663 4.931313561 1.988106727 0.02867015789
115.8524769 5.199569902 2.128211125 0.0290587902
115.9826876 5.484298882 2.239620638 0.02920364804
116.1128982 5.781200814 2.313915354 0.02910002292
116.2431089 6.08500572 2.344877569 0.02877089567
116.3733196 6.389856182 2.329889706 0.02826254355
116.507301 6.698388253 2.268288698 0.02761471354
116.665909 7.048916324 2.143451776 0.02677079442
116.798219 7.323741079 2.006814681 0.02605998895
116.9305289 7.579122546 1.851171436 0.02537516094
117.0628389 7.813163935 1.685625547 0.0247293934
117.2027078 8.036496355 1.507927722 0.02409102306
117.3669728 8.267302422 1.303522665 0.02339286772
117.5105899 8.442136343 1.132592152 0.02282105406
117.654207 8.593037167 0.9702913295 0.02228189613
117.7805292 8.706962792 0.83446045 0.02183595033
117.9068514 8.804096463 0.7042591647 0.02142099253
118.0331736 8.885077925 0.5785167106 0.02104411606
118.1594958 8.950386931 0.4558942707 0.02071458481
118.285818 9.000329843 0.3350007845 0.02044325268
118.3928152 9.030714975 0.23293565 0.02026771906
118.4998124 9.050157391 0.1303289965 0.02014981232
118.5906389 9.058003098 0.04224070247 0.02010036663
118.6814653 9.057789054 -0.04721703797 0.02010188172
118.7722918 9.049372144 -0.1384521749 0.02015816734
118.871551 9.030581322 -0.2406376643 0.02028613638
118.9795414 8.99844005 -0.3552671764 0.02050783077
119.0950692 8.950098133 -0.4824509393 0.02084268333
119.2168556 8.882895099 -0.6221767291 0.021304802
119.3436903 8.794407289 -0.774293484 0.02190003827
119.474473 8.682495138 -0.9383295196 0.0226230957
119.6083959 8.545181608 -1.113432645 0.02345614926
119.7453273 8.380101429 -1.298547333 0.02437021309
119.8865478 8.183009062 -1.492977832 0.02532951964
120.0368543 7.943109386 -1.698252161 0.02630031765
120.2212997 7.607668441 -1.934725824 0.0273052619
120.3534938 7.341884221 -2.082416669 0.02782971166
120.485688 7.058356327 -2.201654179 0.02815304448
120.6178822 6.761426087 -2.283894043 0.02826673232
120.7500763 6.456435951 -2.322810256 0.02818790592
120.8822705 6.149334517 -2.315756028 0.02795528539
121.0192069 5.835398783 -2.261894895 0.02760582127
121.1758489 5.489188592 -2.150730332 0.02713971013
121.3079193 5.213109758 -2.026280646 0.02673475621
121.4399898 4.954745281 -1.884077543 0.02634025449
121.5720603 4.715830057 -1.733130699 0.02596146291
121.7133631 4.482469785 -1.570179271 0.02556868282
121.8857642 4.228487105 -1.378044519 0.02509183086
122.0254823 4.046278258 -1.231784152 0.02469529518
122.1652004 3.88382091 -1.09538003 0.02428291405
122.3049185 3.73973665 -0.9686694241 0.02385323592
122.4446366 3.612735195 -0.8506265766 0.02340943836
122.5668632 3.514764578 -0.7532915729 0.02301526909
122.6890898 3.428413985 -0.6602918298 0.02262291002
122.8113164 3.35322533 -0.5704542728 0.0222411164
122.933543 3.288882178 -0.4826421932 0.02187998305
123.0557696 3.235202819 -0.3957922046 0.02155061876
123.1779962 3.192130008 -0.3089329648 0.02126481692
123.3002228 3.159719261 -0.2211907677 0.02103470938
123.4053 3.140495845 -0.1444572515 0.02089063613
123.5103771 3.129419683 -0.06604816687 0.02080411707
123.6007261 3.126559943 0.003020843734 0.02078109539
123.6910751 3.130019118 0.07386831706 0.02080987583
123.7865971 3.140738081 0.1509557208 0.02090061266
123.8907224 3.160952454 0.2378347192 0.02107416325
124.0027055 3.192985687 0.3349376284 0.02135135647
124.1212641 3.239011245 0.4422973763 0.02174934401
124.2451817 3.301050987 0.5599793249 0.02227960046
124.3733265 3.380942745 0.6880352143 0.02294553169
124.5046263 3.480283219 0.8263831262 0.02374000061
124.6381066 3.600401231 0.9746987353 0.02464355479
124.7730162 3.74244719 1.132358676 0.02562417733
124.9079257 3.90625192 1.297071829 0.02663050509
125.045419 4.096457799 1.470390082 0.02762728678
125.1868697 4.317215564 1.650919947 0.02855203589
125.3386389 4.582271623 1.840531665 0.02933960244
125.4898835 4.874111284 2.015265093 0.02981862754
125.6190575 5.142976796 2.143544525 0.0299262598
125.7482315 5.42665651 2.24315618 0.02972700127
125.8774054 5.720896388 2.305788981 0.02922286295
126.0065794 6.020486979 2.325215122 0.02844691243
126.1357534 6.31962369 2.298628449 0.02745861664
126.2649273 6.612401321 2.227312572 0.02633278518
126.4212351 6.950387491 2.08871035 0.02489501821
126.557865 7.225317702 1.931022951 0.02365391121
126.6944949 7.47701057 1.750300271 0.02248293117
126.8311248 7.703002884 1.556304043 0.02141229037
126.9702554 7.905429536 1.353189401 0.02043916978
127.1240133 8.09621888 1.128964963 0.01950573741
127.282725 8.257321435 0.9021639851 0.01869820424
127.4226892 8.369905311 0.7074244821 0.01811755887
127.5626534 8.455569042 0.5173613301 0.01766263677
127.6836747 8.508391297 0.3559470728 0.01737435465
127.804696 8.541791139 0.1962084608 0.0171878861
127.9055902 8.554893367 0.06352768334 0.01711345986
128.0064843 8.554602582 -0.06938073585 0.01711519205
128.1073785 8.540865584 -0.203106123 0.01719476271
128.2173014 8.510465238 -0.3503260763 0.01737081326
128.3368099 8.458918998 -0.5127617266 0.01766668486
128.4647516 8.38202619 -0.6897854278 0.01809868825
128.6000673 8.275826271 -0.8804067518 0.01867284834
128.7424545 8.136019246 -1.083641623 0.01938412836
128.8936759 7.955798247 -1.299549477 0.02022167576
129.0629774 7.715710816 -1.534748446 0.02119678326
129.2156268 7.466134664 -1.731947061 0.02204603191
129.350347 7.222193268 -1.885607613 0.02272711769
129.4850672 6.959305669 -2.011901299 0.02331627184
129.6197873 6.681667386 -2.103489345 0.02380273799
129.7545075 6.394344491 -2.155021587 0.02419290519
129.8892276 6.102917531 -2.164378968 0.024507149
130.032414 5.794947317 -2.130106057 0.024788153
130.1938258 5.457405815 -2.045051613 0.02507514191
130.3288588 5.187724076 -1.945856506 0.02530799098
130.4638918 4.932608773 -1.83080979 0.02553603202
130.5989248 4.693612702 -1.708424691 0.02575055137
130.7448339 4.454039129 -1.575996704 0.0259504315
130.9315321 4.174973538 -1.41591439 0.02612662253
131.0706195 3.985686502 -1.307693105 0.02617977468
131.2097069 3.810696679 -1.210425812 0.02615383481
131.3487943 3.648463795 -1.124193404 0.02604192268
131.4878816 3.497494382 -1.048300214 0.0258406081
131.626969 3.356427355 -0.9815829134 0.02554929133
131.7660564 3.224082285 -0.9226388482 0.02516967002
131.9051438 3.099480948 -0.8699845411 0.02470538586
132.0442311 2.981850757 -0.8221602592 0.024161849
132.1833185 2.8706165 -0.7777961635 0.02354619007
132.3238816 2.764299508 -0.735213568 0.02285976629
132.4684676 2.661086442 -0.6926021807 0.02209784001
132.6175308 2.561101132 -0.6488671738 0.02126756475
132.7710014 2.465014923 -0.6031246324 0.0203832005
132.9284955 2.373815657 -0.5547095364 0.01946574872
133.0894091 2.288667292 -0.5032439191 0.01854200013
133.2530405 2.210754041 -0.4486903185 0.01764226755
133.4186903 2.141149141 -0.3913811385 0.01679742474
133.5843401 2.081176383 -0.3325109021 0.01604170008
133.7499899 2.031028802 -0.2729176634 0.01539337557
133.9156397 1.990738948 -0.2136917045 0.01486490135
134.0812895 1.960141966 -0.1561155306 0.01446202765
134.2469393 1.938849134 -0.1015984849 0.01418345561
134.3777469 1.928205144 -0.06167583622 0.01404618359
134.5085544 1.922558913 -0.02530489654 0.01397472641
134.6109535 1.921298676 0.0002273370036 0.01395910353
134.7133525 1.922505025 0.02281725023 0.01397357877
134.8157516 1.925860385 0.04214926325 0.01401281544
134.9218453 1.931230597 0.05842269861 0.01407358816
135.0305513 1.938295417 0.07080764123 0.01415050587
135.1392572 1.946456346 0.0785385007 0.01423551817
135.2479631 1.955191328 0.0813222078 0.01432212035
135.356669 1.96394763 0.078887232 0.014404291
135.4653749 1.972144118 0.07098236242 0.01447667387
135.5740808 1.979173395 0.05737538587 0.01453473641
135.6827867 1.984403801 0.03785199766 0.01457490072
135.7914926 1.987181327 0.01221530686 0.01459464366
135.9001986 1.986831526 -0.01971367658 0.01459256304
136.0089045 1.982661541 -0.05809415748 0.01456840755
136.1284336 1.972820845 -0.1079039137 0.01451746148
136.266848 1.953318713 -0.1757131276 0.0144301285
136.4376655 1.915102215 -0.2745296166 0.0142901327
136.6140582 1.856398662 -0.3939819727 0.01412511869
136.7904508 1.775112316 -0.5303923497 0.01396103381
136.9668435 1.66838209 -0.6820994518 0.01382080928
137.1432361 1.533750325 -0.8461186419 0.0137258352
137.3196288 1.369434682 -1.017706771 0.01369402841
137.4960215 1.174671864 -1.190011525 0.01373931293
137.6974545 0.9159184521 -1.376035213 0.01389991974
137.8407779 0.7101138846 -1.493103332 0.01409441096
137.966386 0.5169375137 -1.579963636 0.01432732363
138.0919941 0.3139724289 -1.648441564 0.01462617001
138.1904516 0.1496370456 -1.687523845 0.0149116923
138.2889091 -0.01787732596 -1.712939007 0.01524625183
138.3873667 -0.18721125 -1.724502492 0.01563267137
138.4858242 -0.3570156054 -1.722608271 0.01607240577
138.594161 -0.5428730422 -1.706115749 0.01661733452
138.7153554 -0.7477343349 -1.672097897 0.01729833538
138.855102 -0.9777103848 -1.616795772 0.01816461474
139.0079406 -1.219322344 -1.543187603 0.01918647924
139.1607791 -1.449101113 -1.463141016 0.02025223133
139.3226829 -1.679097157 -1.378583644 0.02138839454
139.5203045 -1.941983353 -1.284142606 0.02272778085
139.6697962 -2.129268518 -1.223212021 0.02367110636
139.8192879 -2.308253642 -1.173291525 0.02453044692
139.9687795 -2.480649459 -1.135113076 0.02528837348
140.1182712 -2.64822158 -1.108718259 0.02592966073
140.2677629 -2.812703692 -1.093668816 0.02643974063
140.4172546 -2.975737927 -1.089198148 0.02680339194
140.5667463 -3.138833223 -1.094300801 0.02700383031
140.7214047 -3.3090577 -1.10836299 0.02701943167
140.8928424 -3.501027544 -1.132468502 0.02678140741
141.1095577 -3.750573665 -1.171703326 0.0260471453
141.326273 -4.009129711 -1.214332313 0.02477249776
141.5429884 -4.27652118 -1.251615063 0.02291725619
141.7182376 -4.497727648 -1.27061484 0.02099261692
141.871924 -4.693439798 -1.273806564 0.01901822319
142.0256103 -4.888395061 -1.26011105 0.01682155829
142.1609314 -5.057149981 -1.231212234 0.01475506626
142.2962524 -5.220814107 -1.184633265 0.01262390939
142.4315734 -5.376918657 -1.119400639 0.0104933589
142.5668944 -5.522928376 -1.03552224 0.008432326052
142.7022154 -5.656378662 -0.9340324222 0.006507989721
142.8375364 -5.775011189 -0.8169258865 0.004780425909
142.9728575 -5.876893952 -0.6869981446 0.003298039015
143.1081785 -5.960515337 -0.5476280218 0.002094391532
143.2273941 -6.018223537 -0.4199833812 0.001279047127
143.3466096 -6.06058107 -0.2905411588 0.0006949706346
143.4658252 -6.087530423 -0.1619212804 0.0003344762101
143.5693178 -6.09861751 -0.05289062918 0.0001910202963
143.6728104 -6.098618845 0.05206094155 0.0001905653358
143.7786344 -6.087676611 0.1536557747 0.0003206288928
143.9009018 -6.062157065 0.2620203226 0.000609488374
144.0462617 -6.015586983 0.3758012483 0.001103583484
144.2285371 -5.936045156 0.4917023119 0.001875970409
144.4167737 -5.834914636 0.576715367 0.002754707987
144.6050103 -5.721258317 0.6246446292 0.003625048275
144.7932469 -5.602077144 0.6355849808 0.004417351676
144.9814835 -5.484189482 0.6113146975 0.005085681162
145.1697201 -5.373956944 0.5548187622 0.005606598276
145.3579567 -5.277108988 0.4697379299 0.005976421995
145.5516012 -5.196730918 0.3563912575 0.006212650734
145.7221369 -5.145820581 0.2380099553 0.006321295442
145.8708085 -5.11887899 0.1226855845 0.006360794779
145.9964124 -5.109996174 0.01768996568 0.006369160413
146.1220163 -5.114682785 -0.09321900008 0.006367827055
146.2518398 -5.134509272 -0.2129926441 0.006369619957
146.3896517 -5.172879771 -0.3444747359 0.00638994716
146.5346536 -5.233049669 -0.4857671448 0.006448011418
146.6869577 -5.318395766 -0.6348213677 0.006566238794
146.8491786 -5.434081212 -0.7905690183 0.006773380571
147.0302227 -5.592288887 -0.9549305781 0.00712072813
147.2494771 -5.821467875 -1.130267607 0.007725413917
147.418757 -6.022451975 -1.240028998 0.008340266957
147.5880368 -6.239713705 -1.32188885 0.009088479343
147.7573167 -6.468240149 -1.372820533 0.009969148243
147.9265966 -6.702722927 -1.392433346 0.0109746543
148.1157924 -6.965544049 -1.380321719 0.01222573055
148.2849394 -7.196270648 -1.344377301 0.01342914166
148.4540864 -7.419364864 -1.291167248 0.01467737783
148.6232334 -7.632458398 -1.227181 0.0159323862
148.7923804 -7.834238459 -1.158288517 0.01715649587
148.9674608 -8.030747062 -1.08680983 0.01835510927
149.1880755 -8.261004258 -1.001931863 0.01972036149
149.3518474 -8.420342342 -0.9448571829 0.02060497159
149.5156193 -8.570800419 -0.8935126842 0.02136591302
149.6793912 -8.713312225 -0.8477458693 0.02199530296
149.8431631 -8.848745303 -0.806933045 0.02248845007
150.006935 -8.977838558 -0.7701524019 0.02284321059
150.1707069 -9.101164835 -0.7363166742 0.02305968112
150.3344788 -9.219112156 -0.7042694551 0.02314020377
150.4982507 -9.331878271 -0.6728529078 0.02308960405
150.6620226 -9.439474542 -0.640955283 0.0229155571
150.8257945 -9.541736461 -0.607545688 0.02262897218
150.9913034 -9.639331992 -0.5713056009 0.02223974671
151.1587583 -9.731700828 -0.5312783425 0.02176310245
151.3262132 -9.817035812 -0.4871998586 0.02122623574
151.4936681 -9.894615489 -0.4385898638 0.02065568318
151.661123 -9.963655532 -0.3851804205 0.02008048124
151.8285779 -10.02334543 -0.3269279782 0.01953097214
151.9960327 -10.07288637 -0.2640151898 0.01903733782
152.1405903 -10.10691336 -0.2062569851 0.0186780137
152.2851479 -10.13238292 -0.1456901392 0.01839781203
152.4106964 -10.14726799 -0.09116228272 0.01822930058
152.5362449 -10.15521343 -0.03519987546 0.01813772014
152.6441871 -10.15637523 0.01378613105 0.01812421027
152.7521293 -10.15221713 0.06333037564 0.01817285887
152.8633897 -10.14231328 0.1147369662 0.01828846872
152.9810693 -10.12560519 0.169218656 0.01848190528
153.1040973 -10.10128963 0.2260169953 0.01875910662
153.2310241 -10.06890519 0.2841727366 0.01911965721
153.3607341 -10.0282275 0.3429014905 0.01955787553
153.4924884 -9.979167932 0.4016477442 0.0200640112
153.6258525 -9.921694857 0.4600708231 0.02062520289
153.7606195 -9.855775698 0.5180169374 0.02122613181
153.8953865 -9.782118677 0.574919312 0.02184311727
154.0326874 -9.699256754 0.6319475173 0.02246813235
154.1717451 -9.607410151 0.6889257913 0.023075316
154.3125667 -9.506366542 0.7460572576 0.02363950964
154.4552984 -9.395770257 0.8036090335 0.02413307527
154.6001021 -9.275189355 0.8618069121 0.02452497607
154.7471536 -9.144122712 0.9207565856 0.02478041499
154.8967157 -9.001948136 0.980363048 0.02486060063
155.0493245 -8.84774889 1.040250395 0.02472198622
155.206193 -8.679866169 1.099687585 0.02431316414
155.3702117 -8.494675677 1.157525302 0.02356376037
155.549797 -8.281718806 1.212253483 0.02233665077
155.7223907 -8.068863225 1.251706072 0.02074705635
155.8737869 -7.877667097 1.271393029 0.01903551126
156.025183 -7.684801088 1.27313859 0.01706289307
156.1585397 -7.515898961 1.256992468 0.01515373254
156.2918964 -7.350371689 1.22225852 0.0131381832
156.4252531 -7.190786739 1.167747164 0.01107878497
156.5586098 -7.039810524 1.093188272 0.009044147259
156.6919665 -6.900078494 0.9993220084 0.007103805584
156.8253232 -6.774060733 0.8878747813 0.00532274574
156.9586799 -6.663938009 0.7614304717 0.003756417827
157.0920366 -6.571500277 0.6232288307 0.002446927241
157.2253933 -6.498074609 0.4769330524 0.001420803242
157.3409248 -6.450482485 0.3466304827 0.0007693361384
157.4564562 -6.418006226 0.2156743782 0.0003359685281
157.5719877 -6.400578642 0.0865183981 0.0001104097568
157.6875192 -6.397855781 -0.03850794001 7.594746953e-05
157.8030506 -6.409233766 -0.1572404968 0.0002108967568
157.923032 -6.435070176 -0.2717782017 0.0005033874502
158.0614185 -6.481063482 -0.3903004643 0.0009942351507
158.2325962 -6.558796685 -0.5132730952 0.00176093623
158.4203706 -6.665242699 -0.6143305031 0.002710016736
158.608145 -6.787133639 -0.6775300023 0.003676797549
158.7959194 -6.917287387 -0.7024368267 0.004583568432
158.9836937 -7.048626034 -0.6905368058 0.005375773459
159.1714681 -7.174496224 -0.6447725464 0.006021368371
159.3843854 -7.30303876 -0.5567169591 0.006561737918
159.6604333 -7.435463455 -0.3945511011 0.006976886159
159.8491214 -7.49732434 -0.2580395971 0.007109061711
160.0153983 -7.529211954 -0.1234621812 0.007154601451
160.1579738 -7.538032504 0.001016277003 0.007162403249
160.3005494 -7.528584992 0.1325859424 0.007160565285
160.443125 -7.499951497 0.2699128924 0.00716722385
160.5912816 -7.449107328 0.4170328531 0.007201611125
160.7450967 -7.373039875 0.5722355166 0.007285337173
160.906303 -7.267694683 0.7342980602 0.007443412079
161.080777 -7.12464351 0.9040251911 0.007712848893
161.2947761 -6.910337671 1.094658065 0.008203119615
161.4652135 -6.712378727 1.224371126 0.00873103371
161.635651 -6.494490057 1.327558857 0.009387830185
161.8060884 -6.261633147 1.399396264 0.01017692103
161.9765259 -6.019388338 1.437590998 0.01109694856
162.1469634 -5.773464674 1.442969928 0.01213889853
162.3339298 -5.505734972 1.415764692 0.01339923874
162.4975993 -5.277549851 1.369709126 0.01457353182
162.6612689 -5.05814414 1.309562823 0.01577963104
162.8249384 -4.849304772 1.24157903 0.01698188955
162.988608 -4.651857491 1.171157843 0.01814599591
163.1732599 -4.442799801 1.093937694 0.01937615215
163.3467036 -4.25896887 1.026926059 0.02042197448
163.5201473 -4.086156885 0.9670565736 0.02134017506
163.6714435 -3.943393982 0.9211160533 0.02202542266
163.8227397 -3.80714679 0.88086243 0.02259582464
163.9740359 -3.676590721 0.8457764638 0.0230468455
164.1253321 -3.550997639 0.8151203924 0.02337551569
164.2766283 -3.429761481 0.7880316101 0.02358016177
164.4279245 -3.312411729 0.7635902748 0.02366036152
164.5817515 -3.196743766 0.7404953976 0.02361531982
164.7402914 -3.081170061 0.7175416902 0.02343827471
164.9045757 -2.965245465 0.6936168194 0.0231206713
165.0751264 -2.849146205 0.6675507795 0.02265629491
165.2517372 -2.733800862 0.6381703675 0.02204608777
165.4331702 -2.62101242 0.6044685202 0.02130408259
165.61724 -2.513231098 0.5658217414 0.02046081279
165.8013097 -2.413019685 0.5221566533 0.01956073731
165.9853795 -2.321324725 0.4732868214 0.01864191811
166.1694493 -2.239092061 0.419411239 0.01774388342
166.353519 -2.167193793 0.3611334216 0.01690503034
166.5375888 -2.106353937 0.2994555697 0.01615981398
166.7216585 -2.057077744 0.2357443755 0.01553605476
166.8839661 -2.023407729 0.1792037202 0.01510215464
167.0462736 -1.99885131 0.1236675961 0.01478394177
167.1838588 -1.984975259 0.07839682718 0.01460482556
167.3214439 -1.977161239 0.03568997709 0.01450505345
167.4264746 -1.975025491 0.005341907296 0.01447818889
167.5315053 -1.97595647 -0.02264609976 0.01448959763
167.636536 -1.979687399 -0.04791649349 0.01453446324
167.7461989 -1.98624167 -0.07103098514 0.01461115041
167.859451 -1.995456505 -0.09100934944 0.01471539804
167.9746152 -2.006896229 -0.1068799248 0.01483974593
168.0897795 -2.01988763 -0.1178965032 0.01497459803
168.2049438 -2.033851467 -0.123712056 0.01511216615
168.320108 -2.048169994 -0.1240044971 0.0152451793
168.4352723 -2.062189686 -0.1184740738 0.0153671324
168.5504365 -2.07522364 -0.1068404243 0.01547250562
168.6656008 -2.086553646 -0.0888397326 0.01555694844
168.7807651 -2.095431949 -0.06422244315 0.01561742348
168.8959293 -2.101082811 -0.03275201897 0.01565230561
169.0110936 -2.102704006 0.005794738095 0.01566143234
169.1262579 -2.099468481 0.05162524044 0.01564610166
169.2459506 -2.090046189 0.1071767406 0.0156071624
169.3845824 -2.070142402 0.1818310442 0.01553868899
169.558969 -2.029112331 0.2917126138 0.01543066119
169.7322375 -1.96783328 0.4185236745 0.01531928791
169.9055059 -1.883093404 0.5623602613 0.0152268218
170.0787744 -1.772052823 0.7217683618 0.01517492301
170.2520429 -1.632231927 0.8939649377 0.01518124296
170.4253114 -1.461783776 1.07434791 0.01525742366
170.5985799 -1.259849078 1.256061823 0.01540882325
170.795691 -0.9926029287 1.452538604 0.01567418369
170.9423219 -0.7698798088 1.582258885 0.01593764976
171.0685451 -0.5640152587 1.676570896 0.01621355757
171.1947684 -0.3474952656 1.7504764 0.01654114392
171.2930197 -0.1733553945 1.791840895 0.01683708453
171.3789239 -0.01832327931 1.815622149 0.01712880884
171.4648281 0.1382469271 1.827654805 0.01745396934
171.5568251 0.3064903686 1.827777558 0.01784140312
171.6593139 0.4932014939 1.813314258 0.0183219464
171.7741317 0.6996929878 1.780920257 0.01892011985
171.9055594 0.9303730779 1.726832781 0.01967495412
172.0541693 1.181475021 1.650448012 0.02059963697
172.2027792 1.420502366 1.565627747 0.02157055757
172.3572968 1.655483142 1.476221051 0.02259235277
172.5393796 1.915147269 1.377814708 0.02376210672
172.6897167 2.116827354 1.307088563 0.02466371485
172.8400539 2.308764704 1.248482391 0.02548046286
172.9903911 2.492879077 1.203117641 0.02619191442
173.1407282 2.671186386 1.171202558 0.02678040712
173.2910654 2.845682707 1.152304717 0.02722928578
173.4414026 3.018263897 1.145549695 0.02752134277
173.5917397 3.190669052 1.149739693 0.02763772302
173.7453078 3.368195554 1.163783489 0.02755339464
173.9168264 3.569831412 1.188811806 0.02718663064
174.1320772 3.82995805 1.229304883 0.0262674892
174.3473279 4.099233527 1.272297139 0.02478093948
174.5625786 4.377134369 1.307565369 0.02269286904
174.7248486 4.59065338 1.321752591 0.02072974799
174.8871187 4.805190486 1.319207847 0.01847005762
175.0240372 4.984709072 1.300229455 0.0163798363
175.1609557 5.160412492 1.263114341 0.01417912775
175.2978742 5.329688426 1.20613603 0.01193467878
175.4347927 5.489758142 1.128620953 0.009720738258
175.5717112 5.63783045 1.031069821 0.00761321491
175.7086298 5.771263014 0.9151421572 0.005683294604
175.8455483 5.887712439 0.7835119582 0.003991547836
175.9824668 5.985257771 0.639631617 0.002583411118
176.1020335 6.053859923 0.5070564183 0.001607849186
176.2216002 6.106370784 0.3709412739 0.0008769029453
176.3411669 6.142535327 0.234094914 0.0003873299899
176.4607336 6.162430773 0.09925289371 0.0001268499261
176.564568 6.166809185 -0.01420450075 7.133441244e-05
176.6684024 6.159655966 -0.1226093872 0.0001572859123
176.7825555 6.139205518 -0.2342286227 0.0003925628759
176.9153496 6.100130616 -0.3519079528 0.000817025837
177.0770622 6.032989271 -0.4743996847 0.001492824705
177.2603409 5.935658779 -0.581882128 0.002380348111
177.4436196 5.821899657 -0.6533609823 0.003303950301
177.6268983 5.698423142 -0.6879302914 0.004185338435
177.810177 5.571935575 -0.6865081036 0.004967990411
177.9934557 5.448833324 -0.6514841521 0.00561699701
178.1836445 5.330937589 -0.5832094734 0.006132972476
178.3989972 5.216730471 -0.4718977387 0.006526788942
178.6165687 5.129135043 -0.3286343938 0.006746045584
178.7925455 5.082932615 -0.1939146396 0.006823626686
178.9391344 5.06341464 -0.07087817383 0.006844113116
179.0857233 5.062558582 0.06046336477 0.006845360392
179.2323122 5.081475346 0.1986385827 0.006847380231
179.378901 5.121048879 0.3419991478 0.006869581919
179.5284495 5.18335032 0.49155562 0.006931601429
179.6841502 5.272079492 0.6480493981 0.007056188422
179.8496847 5.392944805 0.811332937 0.007272795206
180.0359007 5.560409051 0.9848476466 0.007637365085
180.2228147 5.759359601 1.140044521 0.008145995516
180.3871146 5.956353933 1.253919282 0.008719102487
180.5514144 6.169945773 1.341349238 0.009414488293
180.7157143 6.39548118 1.398919628 0.01023302713
180.8800141 6.627933495 1.42559751 0.01117048119
181.0560916 6.879077647 1.421798147 0.012293796
181.2294279 7.123137116 1.390134599 0.01349533482
181.4027643 7.359789758 1.337559374 0.01475758231
181.5761006 7.586055027 1.271512995 0.01604013524
181.749437 7.80021493 1.198956646 0.01730128005
181.9227733 8.001657126 1.125594478 0.01850262832
182.1289888 8.225117763 1.042853092 0.01981008923
182.2939019 8.392061771 0.9828070471 0.02073487193
182.458815 8.549628571 0.9291974196 0.02153647238
182.623728 8.698892916 0.8820722048 0.0222051591
182.7886411 8.840887772 0.8409140107 0.02273463488
182.9535542 8.976528385 0.8048424604 0.02312118623
183.1184673 9.106565907 0.772769962 0.02336319776
183.2833804 9.231563025 0.7435140151 0.02346103528
183.4482935 9.351885105 0.7158745667 0.02341722794
183.6132066 9.467701884 0.6886863344 0.02323684505
183.7781197 9.578996381 0.6608552806 0.02292795261
183.9465017 9.687768155 0.6307426424 0.02249192433
184.1190628 9.793757101 0.5971451111 0.02193550196
184.2945702 9.895298559 0.5592958782 0.0212782764
184.4700775 9.989823677 0.5171045288 0.02055634704
184.6455849 10.07653315 0.470192521 0.01980089449
184.8210923 10.15458611 0.418469055 0.01904545701
184.9965996 10.2231525 0.3621500144 0.01832418543
185.172107 10.28146748 0.30176201 0.01766980237
185.3476144 10.32888499 0.2381278798 0.01711145848
185.4982078 10.36051611 0.1817569682 0.01672700941
185.6488013 10.38358834 0.1246022226 0.01644140782
185.7775083 10.3964813 0.07580560104 0.01628044874
185.9062152 10.4031304 0.02767704726 0.01619738429
186.0151653 10.40396921 -0.01209740249 0.01618693197
186.1241154 10.40054048 -0.0506026207 0.01622901453
186.2351361 10.39281996 -0.08816869469 0.01632236169
186.3511839 10.3804133 -0.1252460608 0.01646921779
186.4711481 10.36322463 -0.160816631 0.01666705857
186.5936267 10.34147014 -0.1938321798 0.0169087692
186.7175891 10.31556458 -0.2234599397 0.01718448428
186.8415516 10.28624125 -0.2489170467 0.01748104581
186.965514 10.25403762 -0.2698797174 0.01778791358
187.0894764 10.21952908 -0.2860584364 0.01809484305
187.2147094 10.18294742 -0.2972799174 0.01839521309
187.3399425 10.14529572 -0.3031080592 0.01867699826
187.4651755 10.10726385 -0.3033141774 0.01893267655
187.5904085 10.06956968 -0.2976785235 0.01915633756
187.7170657 10.03255128 -0.285814559 0.01934582304
187.8437228 9.99744014 -0.2675224386 0.01949627555
187.9724483 9.964564297 -0.2420978352 0.01960931703
188.1025679 9.93512698 -0.2091253659 0.01968534449
188.2341196 9.910230516 -0.1680572317 0.01972841262
188.3673327 9.89106877 -0.1182144016 0.01974549379
