0 0.01 0 5.195512218e-07
0.001 0.009999995164 -9.50908023e-06 5.19551189e-07
0.006 0.009999855317 -4.234637492e-05 5.195455047e-07
0.02171950643 0.009999313191 1.352081023e-05 5.194808081e-07
0.04458544566 0.01000448078 0.0005225671788 5.214357047e-07
0.07803331821 0.01004652517 0.002168592715 5.488304981e-07
0.1216559933 0.01021594249 0.005893103349 7.226666518e-07
0.1743999944 0.01069571907 0.01271597313 1.434458007e-06
0.2320502591 0.01171069135 0.022972407 3.454370075e-06
0.2926529945 0.01350558485 0.03676325961 7.969646041e-06
0.3566751982 0.0164101991 0.05450045718 1.68314615e-05
0.4250878233 0.02088302264 0.07681760714 3.292438884e-05
0.4990707678 0.02757019148 0.104553906 6.074428707e-05
0.5800510791 0.0373972442 0.1387838992 0.0001073368598
0.6699256099 0.0517335894 0.1809184497 0.0001839603478
0.7701178799 0.07239464617 0.2321865062 0.0003073133151
0.8772489913 0.1003836915 0.2909041485 0.0004919861154
0.990934517 0.1371465575 0.3562403665 0.000756924446
1.111621537 0.1844219346 0.427354934 0.001125084041
1.240229262 0.2442688614 0.5031742724 0.00162389962
1.374747217 0.3171823049 0.5803545379 0.002268251658
1.509265173 0.4002132558 0.6532663799 0.003038366623
1.643783129 0.4926595732 0.7200604293 0.003929559025
1.780761114 0.5955114732 0.7802428749 0.004951652931
1.921696247 0.7092906427 0.8327161626 0.006108768285
2.068518158 0.8348991747 0.8764155761 0.007406780931
2.223900932 0.973871219 0.9102401598 0.008854957591
2.392185135 1.12915732 0.9329503939 0.0104719168
2.563377071 1.289869213 0.9424716136 0.01212517791
2.734569006 1.451167224 0.940133795 0.0137430944
2.905760941 1.611197357 0.9280069103 0.01528520434
3.076952877 1.768458305 0.9080986153 0.01671616909
3.248144812 1.921770962 0.8821356974 0.01800670315
3.419336747 2.070217416 0.8514267271 0.01913399599
3.596885384 2.218251043 0.8154467248 0.02011339683
3.789162096 2.370952642 0.7721608979 0.02094412818
4.011569751 2.536591249 0.716226952 0.02160303485
4.229014665 2.685747299 0.6543529691 0.02194579903
4.446459578 2.820519975 0.5835984456 0.02202074914
4.62713598 2.920026735 0.5165145566 0.02191431455
4.807812381 3.006625707 0.4404935303 0.02169584028
4.966225035 3.070571162 0.3654483314 0.02144990575
5.124637688 3.121948045 0.2816757352 0.02119243881
5.261565258 3.155120567 0.2016255754 0.02099248552
5.398492829 3.176818199 0.1139946785 0.02084329101
5.508017962 3.185197684 0.03814635838 0.02077990508
5.617543095 3.184978829 -0.04305248344 0.02078207373
5.727068229 3.175563829 -0.1298172607 0.02086378496
5.842714315 3.154953667 -0.2277149082 0.02105070532
5.965453216 3.120255427 -0.3389737853 0.02137684282
6.093737856 3.068863291 -0.4637206324 0.02187198773
6.225819353 2.998615524 -0.6016188284 0.02255669939
6.360152195 2.907805931 -0.7521533459 0.02343884942
6.494485037 2.796056761 -0.9134217625 0.02450290212
6.628817879 2.661914147 -1.085543989 0.02573198843
6.763150721 2.503937824 -1.268146469 0.02709577601
6.897483562 2.320790809 -1.459993085 0.02854879435
7.031816404 2.111386867 -1.658496949 0.03002977551
7.170902664 1.866254969 -1.866226379 0.03151186611
7.323484289 1.56445517 -2.087535191 0.03296642811
7.461277873 1.263968232 -2.270045668 0.03402587254
7.599071458 0.9402168361 -2.422992788 0.03476693383
7.711972478 0.6610444751 -2.517115423 0.03510723742
7.810754559 0.4094964977 -2.571162784 0.03520630641
7.909536639 0.1540433537 -2.595854354 0.03513308569
7.994615444 -0.06683614379 -2.592738332 0.03494924185
8.079694248 -0.2865024692 -2.567500771 0.03467297579
8.170079903 -0.5165023834 -2.518126784 0.03430032477
8.271999154 -0.7692696873 -2.438096881 0.0338099666
8.392162236 -1.055234509 -2.317476521 0.03317180345
8.515188811 -1.331669294 -2.173856755 0.03248232218
8.639512933 -1.592296631 -2.017764655 0.03176755655
8.771635113 -1.847730553 -1.849046835 0.03099559392
8.928408174 -2.122243066 -1.654711573 0.03006101928
9.065482249 -2.338007058 -1.495331971 0.02922124794
9.202556323 -2.532738656 -1.347994962 0.02835577497
9.339630398 -2.708116751 -1.212860341 0.02746398038
9.476704472 -2.865753401 -1.088894508 0.0265497312
9.613778547 -3.007068496 -0.9744032133 0.02562132166
9.750852621 -3.133227126 -0.8674155115 0.02469104467
9.887926696 -3.245120518 -0.7659402213 0.02377463329
10.02500077 -3.343375127 -0.6681253263 0.02289064732
10.16207485 -3.428378543 -0.5723482102 0.02205980129
10.29914892 -3.500314304 -0.4772582151 0.02130421007
10.43622299 -3.559200157 -0.3817865478 0.02064653883
10.55663522 -3.600076577 -0.2969658237 0.02016726444
10.67704745 -3.630664327 -0.2108420272 0.01979503069
10.79745967 -3.65078939 -0.1231492197 0.01954276229
10.8970248 -3.659386048 -0.04933088431 0.01943273109
10.99658992 -3.660571194 0.02573623767 0.01941742701
11.09615504 -3.654218454 0.102090614 0.01950069559
11.20053451 -3.63932361 0.1835513441 0.01969649318
11.31262335 -3.613770483 0.2726828347 0.02003154564
11.43148945 -3.575644785 0.3691494669 0.02052664999
11.55572743 -3.523402739 0.472253575 0.02119270665
11.68409173 -3.455803874 0.5814593165 0.02203006905
11.81557194 -3.37182904 0.6964864989 0.02302835629
11.94936068 -3.270610824 0.8172945009 0.02416633514
12.08479454 -3.151394745 0.9439972053 0.02541164201
12.2202284 -3.014688612 1.075652342 0.02671006476
12.35712389 -2.858023165 1.214086447 0.02802551038
12.49401938 -2.682041562 1.357778988 0.02928249991
12.63091487 -2.486076263 1.505798132 0.03040903846
12.77038086 -2.265405929 1.658801892 0.03133852477
12.91518921 -2.01378084 1.815641139 0.03197255687
13.07475935 -1.710912114 1.977580981 0.03216122679
13.21147042 -1.432092704 2.097619859 0.03181493464
13.34818148 -1.138638689 2.189946592 0.03095617952
13.4641861 -0.8814615753 2.238915799 0.02982610482
13.58019071 -0.6204600682 2.255081782 0.02835823424
13.68034364 -0.3951449234 2.239645709 0.02686170432
13.78049656 -0.17279822 2.195732534 0.02520377677
13.86541695 0.01128449548 2.136363054 0.02371342166
13.95033733 0.189495255 2.057651611 0.0221836259
14.04148901 0.3724500404 1.95341928 0.02053787369
14.14550399 0.5684988085 1.812641297 0.01870528957
14.26883038 0.7804786676 1.62116318 0.01666223183
14.42518199 1.0131319 1.350681663 0.01437053821
14.58153359 1.201849186 1.061059397 0.01249312783
14.7378852 1.344446665 0.762078948 0.01107651246
14.8942368 1.440010432 0.4602615192 0.0101366012
15.062289 1.490167341 0.1371481482 0.009651920169
15.24060936 1.48437403 -0.2011194205 0.009704359927
15.41892971 1.418883246 -0.5318916288 0.01028849772
15.61883327 1.276576787 -0.8888122121 0.01148218349
15.78866558 1.101134039 -1.173742645 0.01284601862
15.93693352 0.9099263566 -1.401595702 0.01421952226
16.08520147 0.6868520006 -1.602285981 0.01569488137
16.19822694 0.4982073648 -1.732119928 0.01685104795
16.3112524 0.2961960174 -1.838319662 0.0180104541
16.40059032 0.1289117129 -1.903856369 0.01891839082
16.48992825 -0.04346766143 -1.952303109 0.01981260966
16.57926618 -0.2194026449 -1.983474165 0.0206892969
16.67153729 -0.4032241654 -1.997982051 0.02157366599
16.77271053 -0.6053566256 -1.994581624 0.02251627733
16.88567324 -0.8294580446 -1.969722807 0.02353200496
17.01602519 -1.083116192 -1.918727726 0.02464958902
17.14891617 -1.333636979 -1.849301241 0.02571815673
17.28180716 -1.574184562 -1.769856075 0.02670082736
17.42176162 -1.815794775 -1.682831952 0.0276249402
17.58167449 -2.077148189 -1.587107536 0.0285178356
17.73332614 -2.311518937 -1.505666496 0.02918174323
17.8849778 -2.534452755 -1.436642992 0.02964848603
18.03662945 -2.74795555 -1.381380263 0.02990172998
18.1882811 -2.954122997 -1.339792718 0.02992641257
18.33993276 -3.154955074 -1.310760832 0.02970774692
18.49158441 -3.352222278 -1.29241572 0.02923090884
18.64522224 -3.549913534 -1.282227547 0.02847000848
18.8148438 -3.766914859 -1.277155377 0.0272905644
19.01574524 -4.023129357 -1.273242197 0.02542225674
19.2191112 -4.281220103 -1.26313469 0.02302345596
19.38690752 -4.491702323 -1.24342986 0.02069866284
19.55470383 -4.697622112 -1.20794647 0.01812556483
19.69737848 -4.866879801 -1.162076116 0.01580834474
19.84005312 -5.028433201 -1.099698913 0.01344463986
19.98272777 -5.179844159 -1.019822449 0.01111228503
20.12540241 -5.318609268 -0.922540669 0.008892456168
20.26807706 -5.442319055 -0.8090729308 0.006863141556
20.4107517 -5.548814292 -0.6816855547 0.005092633661
20.55342635 -5.636323693 -0.5435142125 0.003634027836
20.67857599 -5.696432211 -0.4163983053 0.002638833325
20.80372564 -5.740438312 -0.2866582159 0.001920208198
20.92887529 -5.768192722 -0.1571604401 0.0014760919
21.03898546 -5.779329415 -0.04567638918 0.001302169736
21.14909563 -5.778406948 0.0615791622 0.001315663376
21.26463068 -5.765090292 0.16769483 0.001509793357
21.40005013 -5.734542302 0.2813371951 0.001936303402
21.56370273 -5.67849628 0.3999027263 0.002673447572
21.75345015 -5.591865323 0.5075823952 0.003724328187
21.94852132 -5.484999623 0.58173019 0.004896270053
22.14841243 -5.364425546 0.617972372 0.006069848008
22.33340923 -5.249743905 0.6163491076 0.00704597983
22.51840602 -5.138349388 0.5828171401 0.007862354665
22.68108095 -5.047624638 0.5289615905 0.008426239879
22.84375588 -4.967383584 0.4542314409 0.008842034478
23.00643081 -4.900876384 0.3603915639 0.009118903782
23.16910574 -4.851080559 0.2490194072 0.009276747049
23.33178067 -4.82073362 0.1214943076 0.00934418205
23.49934943 -4.812473368 -0.02542441982 0.009356216829
23.66533514 -4.829763198 -0.185127205 0.009352323535
23.83132086 -4.874617473 -0.357229145 0.009375779914
23.99730657 -4.948911697 -0.5393951467 0.009467860643
24.16329228 -5.054056397 -0.7282975376 0.009665292531
24.32927799 -5.190803743 -0.9192825804 0.009997991743
24.50204081 -5.366529803 -1.113607305 0.0105114709
24.69551391 -5.60186259 -1.315272104 0.01130791906
24.85679787 -5.826089172 -1.461136608 0.0121588698
25.01808183 -6.071661351 -1.578842955 0.01318279151
25.17936579 -6.333554219 -1.662819056 0.01437871913
25.34064975 -6.606081563 -1.710621085 0.01574037056
25.51608217 -6.907856055 -1.723315025 0.01739213889
25.6700079 -7.172078296 -1.705932228 0.01896201649
25.82393363 -7.432032746 -1.669151807 0.02061071357
25.97785936 -7.685345166 -1.620985421 0.02229889358
26.1317851 -7.930876852 -1.569304207 0.02398452669
26.30152572 -8.192651904 -1.516458935 0.02579133027
26.45954839 -8.429033143 -1.477306497 0.02738156741
26.61757107 -8.660283161 -1.452063396 0.02884547679
26.77559375 -8.888820632 -1.443284858 0.03014789399
26.93361643 -9.117361025 -1.452206714 0.03125199948
27.09163911 -9.348722315 -1.478908433 0.032115747
27.24966178 -9.585646889 -1.522346151 0.03268895328
27.43626872 -9.875952497 -1.591965654 0.032909822
27.60597726 -10.15239721 -1.66722643 0.03259257104
27.77568579 -10.44204472 -1.746050796 0.0316933012
27.95156209 -10.75586881 -1.820253717 0.0300726893
28.09431424 -11.01913079 -1.864997046 0.02821760925
28.2370664 -11.28723385 -1.886640339 0.02589635061
28.35799836 -11.51528273 -1.8807495 0.02360841972
28.47893033 -11.74104204 -1.848178506 0.021089449
28.5998623 -11.96109908 -1.786109982 0.01842080889
28.72079426 -12.17180179 -1.693445589 0.01569802373
28.84172623 -12.36947682 -1.57092822 0.01302243939
28.9626582 -12.55064541 -1.420986282 0.01049216089
29.08359017 -12.71220604 -1.247352531 0.008194007455
29.20703199 -12.85420417 -1.050398009 0.006159921938
29.33176577 -12.97200587 -0.836380449 0.004477677477
29.45649954 -13.06244477 -0.6125084053 0.003201764479
29.58123332 -13.12460082 -0.3836652621 0.002342215085
29.7059671 -13.15813452 -0.154271205 0.001890577261
29.81519334 -13.16412622 0.04390944745 0.001811827419
29.92441959 -13.1487283 0.2369884724 0.002004585672
30.04359562 -13.10833912 0.4390981282 0.002490839102
30.18189188 -13.03222064 0.6586908995 0.003361490945
30.35688794 -12.89469213 0.9069674337 0.004828853734
30.52597375 -12.72374006 1.108181137 0.006508885469
30.69505957 -12.52244143 1.265031566 0.008324497383
30.86414539 -12.29867119 1.373574991 0.01017260827
31.0332312 -12.06070493 1.433139605 0.01197151947
31.19338243 -11.82955035 1.447046815 0.01357456671
31.35618356 -11.59536826 1.424209034 0.01506413148
31.49750548 -11.39700472 1.379689534 0.01622089995
31.6388274 -11.20623714 1.317549773 0.0172374042
31.78014932 -11.02520984 1.242598022 0.01810540646
31.92147124 -10.85543266 1.1589503 0.01882106879
32.06896273 -10.69130947 1.065819262 0.01940620192
32.22883591 -10.52925608 0.9609505732 0.01986067244
32.41937357 -10.35831656 0.8328781526 0.02017784012
32.58583495 -10.22914296 0.7187390009 0.02028201163
32.75229633 -10.11918306 0.6018546407 0.02025798049
32.89697121 -10.03965001 0.4970175045 0.02016250099
33.04164608 -9.97557337 0.3879833305 0.02002755758
33.18632096 -9.927649578 0.2735053966 0.01988448014
33.30733499 -9.900603881 0.172630379 0.01978275634
33.42834901 -9.886088727 0.0662885861 0.01971886749
33.54936304 -9.884810337 -0.04625358935 0.019713058
33.67037707 -9.897561771 -0.1656953157 0.01978500328
33.79139109 -9.925217807 -0.2926847904 0.01995305085
33.91447323 -9.969614615 -0.4301775756 0.02023916528
34.04200247 -10.03405293 -0.5820118437 0.02067240921
34.17308297 -10.12113031 -0.7483436438 0.02127264174
34.30646682 -10.23282785 -0.9282421046 0.02204709318
34.44134688 -10.37087863 -1.12038213 0.02299010966
34.5777857 -10.5375111 -1.323458157 0.02408641388
34.71731121 -10.73701101 -1.536799669 0.02531865345
34.86473028 -10.98023186 -1.762245685 0.02668537846
35.04198117 -11.31576722 -2.019771882 0.02831566884
35.17429803 -11.59456052 -2.190100812 0.02945324363
35.30661489 -11.89401659 -2.330410038 0.03047762529
35.43893175 -12.20952641 -2.43138076 0.0313687102
35.57124861 -12.53541496 -2.486548377 0.03212869706
35.70356548 -12.86543853 -2.494001575 0.03277782874
35.86450092 -13.26358334 -2.443988692 0.03345839594
35.99116836 -13.56863829 -2.368208223 0.03393541881
36.11783581 -13.8626288 -2.271023294 0.03437037661
36.24450326 -14.14350066 -2.162741462 0.03475887935
36.37749092 -14.42340962 -2.047263658 0.03510111096
36.53620927 -14.73793585 -1.918562755 0.03538919845
36.67361052 -14.99474041 -1.822188265 0.03550063034
36.81101176 -15.23948623 -1.743391959 0.03545410449
36.94841301 -15.47468795 -1.683296039 0.03522230485
37.08581425 -15.70289239 -1.641328088 0.03477869625
37.2232155 -15.92647629 -1.615643838 0.0340971151
37.36781452 -16.15903269 -1.603081339 0.03309481905
37.53347809 -16.42432907 -1.601468012 0.03155309689
37.78673046 -16.83074839 -1.607911171 0.02832474548
37.95519002 -17.10148539 -1.60415198 0.02559329546
38.09992377 -17.33259786 -1.586694489 0.02291226931
38.24465752 -17.55983802 -1.549708208 0.01998632371
38.37213174 -17.75424222 -1.496990518 0.01727753631
38.49960596 -17.94058629 -1.422966537 0.01452529747
38.62708018 -18.11607449 -1.326611364 0.01181573885
38.7545544 -18.27786803 -1.208277955 0.009237478152
38.88202862 -18.42325868 -1.069639116 0.006874352049
39.00950284 -18.54982553 -0.9134871061 0.004798752404
39.13697706 -18.65555977 -0.7434423588 0.003066537229
39.26445128 -18.73894991 -0.5636355531 0.001714046288
39.3919255 -18.79902792 -0.3784187514 0.0007572692929
39.4991293 -18.83118847 -0.2216569991 0.0002570198664
39.6063331 -18.84661566 -0.06664815369 2.312345108e-05
39.71353691 -18.84562611 0.08423053641 3.694157718e-05
39.82074071 -18.82878327 0.2287549911 0.0002741192408
39.93802828 -18.79313838 0.3771796997 0.0007556759921
40.07264259 -18.73173883 0.5320368049 0.001542705807
40.23347849 -18.63296142 0.6912418117 0.002725304241
40.44518232 -18.4686013 0.8517405545 0.004514115403
40.66640635 -18.26750193 0.9552284117 0.00645179312
40.84918014 -18.08895316 0.9912781187 0.00796889661
41.01349898 -17.92589606 0.9880147418 0.009198027021
41.17781781 -17.76590934 0.9545552148 0.01026100102
41.34213665 -17.61362453 0.8949647985 0.01113760203
41.50645549 -17.47299851 0.8132980423 0.01182204014
41.67077432 -17.34735635 0.713125733 0.01232106435
41.83509316 -17.23949722 0.5972470215 0.01265226132
41.99941199 -17.15183156 0.4675921633 0.01284246455
42.16373083 -17.0865208 0.3252824232 0.01292613947
42.32804967 -17.04559747 0.1708007086 0.01294360092
42.4923685 -17.031051 0.004233710822 0.01293892942
42.66772339 -17.04686305 -0.186866991 0.01296065979
42.84307828 -17.09737718 -0.3914572063 0.0130617186
43.01843317 -17.18487503 -0.6083864291 0.01328829546
43.19378806 -17.3113142 -0.834993227 0.01367530471
43.36914295 -17.47800106 -1.066393444 0.01424280104
43.54449784 -17.6851435 -1.294861475 0.01499481777
43.71905469 -17.93012179 -1.50870983 0.01591744062
43.86692755 -18.16540733 -1.669702189 0.01682315959
44.01480042 -18.42259009 -1.80356605 0.01783321259
44.16267328 -18.69711882 -1.903324409 0.01894214289
44.31054615 -18.98359037 -1.964670788 0.0201476871
44.46049409 -19.28036164 -1.987184985 0.02146619105
44.60941445 -19.57570138 -1.973827098 0.02286311865
44.76298901 -19.87583816 -1.930709134 0.02437563833
44.91656358 -20.16772907 -1.868310052 0.02592942246
45.07013815 -20.44927263 -1.797760082 0.02748331451
45.22371272 -20.72001026 -1.729108471 0.02899225472
45.3825732 -20.98970362 -1.668610397 0.03045859281
45.54143368 -21.25106048 -1.62498026 0.03178318301
45.6789564 -21.47288873 -1.60378879 0.03278137577
45.81647911 -21.6929383 -1.59920798 0.03361105596
45.95400182 -21.91350963 -1.611306332 0.03424018283
46.09905731 -22.14920045 -1.64113349 0.03464599405
46.26571266 -22.42686935 -1.694085479 0.03472219747
46.43455896 -22.7185286 -1.762491247 0.03429177536
46.60340525 -23.02240047 -1.837025363 0.03326273907
46.77709448 -23.34779386 -1.907553093 0.03150478187
46.91792732 -23.61960942 -1.949396281 0.02953611344
47.05876015 -23.89576338 -1.96764164 0.02710161483
47.17856971 -24.13119038 -1.958087742 0.02471065575
47.29837927 -24.36385173 -1.920867539 0.02209340117
47.41818883 -24.59024808 -1.853189418 0.01933506564
47.53799839 -24.80665586 -1.754139761 0.0165343312
47.65780795 -25.0093598 -1.624757298 0.01379440746
47.77761751 -25.19487614 -1.467807908 0.01121366909
47.90077321 -25.3644328 -1.281999663 0.008816672824
48.02732655 -25.51348685 -1.070619117 0.006699407329
48.15580251 -25.63640443 -0.8407914633 0.00496325907
48.28427847 -25.7291226 -0.6014352503 0.003673140758
48.41275442 -25.79076392 -0.3578438133 0.00283493499
48.52515849 -25.81900444 -0.1449360853 0.002461488001
48.63756255 -25.82346435 0.06483976966 0.002403636262
48.74996662 -25.80464173 0.2689138043 0.002634325884
48.87522006 -25.75720269 0.486612136 0.003191292956
49.02363589 -25.66688169 0.7269226541 0.004192831305
49.20974234 -25.50613881 0.9932485871 0.005841654316
49.3686919 -25.33269995 1.182671305 0.00747412801
49.52764146 -25.13233311 1.331305038 0.009208463713
49.68659102 -24.91182957 1.43567167 0.01096135939
49.8474174 -24.67551816 1.495472543 0.01268689411
50.00564905 -24.43707093 1.511752527 0.01428854218
50.17087229 -24.18864172 1.489339531 0.01582143951
50.31125907 -23.9824607 1.444546751 0.01699077878
50.45164586 -23.78389012 1.381818224 0.01802424724
50.59203264 -23.59507876 1.306327848 0.01891305269
50.73241943 -23.4174945 1.222540903 0.01965220643
50.88022827 -23.24364615 1.129184606 0.02026765584
51.04289013 -23.06853336 1.023619218 0.02075657068
51.25391122 -22.86710509 0.8853678479 0.02111682118
51.41100165 -22.73612779 0.7820967257 0.02120763036
51.56809209 -22.62142951 0.677962015 0.02117374054
51.72518252 -22.52322862 0.5718392996 0.02104463671
51.86237737 -22.45128617 0.4763999226 0.02088062427
51.99957222 -22.39267798 0.3772730445 0.0206952673
52.13676706 -22.3479852 0.2733605407 0.02051589275
52.25527179 -22.32114013 0.1789147549 0.02038788278
52.37377652 -22.30578084 0.07940359716 0.0203048826
52.47554266 -22.30224212 -0.01059482551 0.02028402574
52.5773088 -22.30809394 -0.1052125944 0.02032217348
52.68384429 -22.32481427 -0.2096282386 0.0204374465
52.79853758 -22.35561434 -0.3286362903 0.0206608043
52.92022545 -22.403688 -0.4628897323 0.02102370193
53.04710604 -22.47178527 -0.6121287875 0.02155169998
53.17748991 -22.56214745 -0.7757115381 0.02226010539
53.30998723 -22.67653072 -0.9526431514 0.02315078961
53.44248456 -22.81504978 -1.139893916 0.02420134176
53.57701467 -22.98171441 -1.339199821 0.02540569286
53.71383147 -23.17920726 -1.548555944 0.02673086489
53.85620488 -23.41534411 -1.768340447 0.02815565264
54.01610447 -23.71740832 -2.007332121 0.02971705194
54.15307616 -24.00539783 -2.193922209 0.03094043059
54.29004786 -24.31709031 -2.35141489 0.03199611613
54.41037912 -24.60671357 -2.456508813 0.03275703575
54.53071039 -24.90675985 -2.523800389 0.03335764351
54.65104166 -25.21243688 -2.5498107 0.03381206555
54.78199896 -25.54567037 -2.531590657 0.03417144213
54.91165325 -25.87038899 -2.471029567 0.03442513734
55.04544813 -26.19483592 -2.374029664 0.03461242428
55.179243 -26.50464129 -2.254298753 0.03474105823
55.31303787 -26.79760489 -2.124230751 0.03481133183
55.44946891 -27.07833352 -1.991922343 0.03480980602
55.60340665 -27.37409657 -1.853281073 0.03469331599
55.73761966 -27.615537 -1.747169737 0.03446763071
55.87183266 -27.8438116 -1.657295925 0.03410427889
56.00604566 -28.06114543 -1.58407667 0.03358418232
56.14025867 -28.26972397 -1.526584687 0.03289015014
56.27447167 -28.4715419 -1.482962098 0.03200675975
56.41306438 -28.67465082 -1.4498202 0.03088162171
56.56335158 -28.89048275 -1.423808098 0.02940398467
56.73388492 -29.13129634 -1.401093481 0.02739375247
56.93643125 -29.41242599 -1.373897586 0.02455549016
57.106782 -29.64395079 -1.342316725 0.02182894151
57.27713275 -29.86888586 -1.295460989 0.01886356748
57.41855904 -30.0484204 -1.240810868 0.01629235756
57.55998534 -30.21905782 -1.16934226 0.01369970533
57.70141163 -30.37832073 -1.079860514 0.01116801074
57.84283792 -30.52365119 -0.9724335749 0.008782268136
57.98426422 -30.65259133 -0.8483980993 0.006622830509
58.12569051 -30.76295531 -0.7102339637 0.004758443046
58.26711681 -30.85297586 -0.5613360544 0.003240624036
58.38995839 -30.91368132 -0.4264074741 0.002227934515
58.51279998 -30.95764641 -0.2892684141 0.001506954245
58.63564157 -30.98477859 -0.1528326501 0.001072282695
58.74179739 -30.99485998 -0.03769616591 0.0009150098387
58.8479532 -30.99293836 0.0730233882 0.0009435108114
58.96116297 -30.97829343 0.1843966441 0.001155946457
59.09332951 -30.94591772 0.3033423252 0.001604844618
59.25164106 -30.88782151 0.4269030914 0.002362519193
59.4591575 -30.7854303 0.5527026611 0.003584985872
59.71620769 -30.62984205 0.6460649757 0.005217155129
59.91100252 -30.5010292 0.6698225249 0.006384913437
60.0900001 -30.38177336 0.6573726265 0.007323815915
60.26899768 -30.26751045 0.6144779115 0.008093209174
60.44799525 -30.1634428 0.5439376455 0.008676263
60.60587303 -30.08386976 0.4610324579 0.009038160832
60.76375081 -30.01879179 0.3605889485 0.009271179874
60.92162859 -29.970854 0.2441340843 0.009397802663
61.07950637 -29.9424789 0.1129708265 0.009447454761
61.24676975 -29.93623509 -0.04072905991 0.009454357774
61.41290171 -29.95663571 -0.2069944284 0.009457456928
61.57903366 -30.00566634 -0.3850556624 0.009500452179
61.74516562 -30.08509525 -0.5724617405 0.009624117694
61.91129757 -30.19619979 -0.7656910135 0.009863648056
62.07742953 -30.33955911 -0.9598122113 0.01024657815
62.25540655 -30.52848084 -1.161328327 0.01083737696
62.44693776 -30.77031482 -1.35968765 0.01169668551
62.60472659 -30.99622323 -1.499484645 0.01258381437
62.76251541 -31.24200521 -1.610571259 0.0136337208
62.92030423 -31.50271102 -1.68806251 0.0148441274
63.07809306 -31.7728528 -1.73017909 0.01620789541
63.26342928 -32.094831 -1.737261766 0.01798470745
63.41416337 -32.35529732 -1.715162921 0.01954148065
63.56489745 -32.61101611 -1.67553663 0.02116442193
63.71563154 -32.85992786 -1.626139379 0.02281585718
63.8682072 -33.10402956 -1.573806588 0.02447596512
64.04295029 -33.37414926 -1.519460579 0.02631223661
64.19732043 -33.60567766 -1.482265316 0.02783507864
64.35169056 -33.83250538 -1.459036894 0.0292289961
64.50606069 -34.05697512 -1.451976006 0.03046090554
64.66043082 -34.2816736 -1.462073909 0.03149572036
64.81480095 -34.50925684 -1.489251271 0.03229318596
64.97162715 -34.7460526 -1.533179627 0.03281097261
65.16397118 -35.04765058 -1.605822464 0.03295648834
65.33361983 -35.32637782 -1.681257779 0.03254515309
65.50326849 -35.61823288 -1.759001346 0.03154005855
65.68400864 -35.94301672 -1.832010833 0.02974322596
65.82309159 -36.20077923 -1.871355977 0.02783348748
65.96217454 -36.46247897 -1.887309182 0.02548928069
66.08240415 -36.68899112 -1.876477945 0.02315998106
66.20263376 -36.91261317 -1.838689342 0.02061659891
66.32286337 -37.12993874 -1.771460331 0.01794221651
66.44309297 -37.33736428 -1.674028071 0.01523238388
66.56332258 -37.53130283 -1.547420448 0.012586773
66.68355219 -37.70839011 -1.394261896 0.01010043175
66.80518996 -37.86736834 -1.216199712 0.007831703806
66.92893824 -38.00565689 -1.016029298 0.005847867065
67.05268651 -38.1182549 -0.8018608083 0.004240117212
67.17643479 -38.20374726 -0.5787718863 0.003035634679
67.30018307 -38.26132569 -0.3514670988 0.002241232645
67.40943383 -38.28874372 -0.1506957878 0.001872573605
67.5186846 -38.29435131 0.04738109388 0.001798786881
67.62793537 -38.2785789 0.2402994178 0.001996312299
67.74732459 -38.23771726 0.4424739007 0.002488325314
67.88595 -38.1609436 0.6621227805 0.003366361484
68.06186618 -38.02204131 0.910838406 0.004847489331
68.23069998 -37.85080517 1.110690514 0.006528736051
68.39953378 -37.64949678 1.266203325 0.0083426698
68.56836758 -37.42596778 1.373522624 0.01018697439
68.73720138 -37.18845516 1.432057632 0.01198064748
68.89135123 -36.96620996 1.445402267 0.01352255308
69.05375392 -36.73281096 1.42327346 0.01501002914
69.19517611 -36.534406 1.37919477 0.01616927862
69.3365983 -36.34355083 1.317344717 0.01718815741
69.47802049 -36.16241192 1.242543074 0.01805836736
69.61944268 -35.9925187 1.158924195 0.01877603602
69.76671971 -35.82862749 1.06592247 0.01936193906
69.92607111 -35.66706585 0.9613016968 0.01981707488
70.11474827 -35.49762904 0.8342841147 0.02013500449
70.28205184 -35.36763342 0.7193357061 0.02024331436
70.44935541 -35.25708962 0.6015765542 0.02022178817
70.59426611 -35.17749953 0.4962880702 0.02012800603
70.73917681 -35.11345891 0.3867681024 0.0199945724
70.88408751 -35.06567062 0.2717653628 0.01985298295
71.00504347 -35.03886364 0.1706358056 0.019752791
71.12599944 -35.02461267 0.06402834065 0.01969043487
71.2469554 -35.02362488 -0.04879003171 0.01968612023
71.36791137 -35.03669419 -0.1685175007 0.01975947346
71.48886733 -35.064696 -0.2958003757 0.01992878117
71.61210839 -35.10956793 -0.4338476983 0.02021656944
71.73980439 -35.17459773 -0.5862907118 0.02065171854
71.87102002 -35.26236564 -0.7532230785 0.02125380756
72.00451222 -35.37484331 -0.9336869848 0.02202978837
72.13949983 -35.51377513 -1.126347666 0.02297383824
72.27609313 -35.68144601 -1.329911013 0.02407076156
72.41591226 -35.88230658 -1.543763031 0.02530378055
72.56403265 -36.12777941 -1.769985645 0.02667357365
72.74507356 -36.47229475 -2.031614575 0.0283312916
72.87661129 -36.75081079 -2.19892564 0.02945436053
73.00814902 -37.0494457 -2.335877888 0.03046545895
73.13968675 -37.36359318 -2.433475621 0.0313464712
73.27122448 -37.68763446 -2.485635784 0.03210082797
73.4027622 -38.01543419 -2.490789349 0.03274893649
73.54271501 -38.36161073 -2.448741357 0.03335244738
73.68468123 -38.7037751 -2.365960479 0.03390112484
73.82664746 -39.0321186 -2.25646691 0.03439734655
73.96861369 -39.3438786 -2.134641131 0.03483359538
74.11057991 -39.6382308 -2.013097028 0.03518774028
74.26493256 -39.93942772 -1.892327322 0.03544471017
74.39991369 -40.18860122 -1.802406006 0.03552869317
74.53489481 -40.42679693 -1.72992493 0.03545318611
74.66987593 -40.65643167 -1.675530822 0.03519231889
74.80485706 -40.87990499 -1.638390386 0.03472078864
74.93983818 -41.09942487 -1.616548225 0.03401355869
75.0868931 -41.33627606 -1.606816403 0.03294633233
75.25958666 -41.61371707 -1.60788882 0.03126127808
75.50449952 -42.0084979 -1.615113857 0.02801941109
75.6670882 -42.27090041 -1.61039298 0.02532127137
75.80951967 -42.4991263 -1.591467424 0.02264088936
75.95195114 -42.72330802 -1.552726757 0.01972961286
76.0943826 -42.94027871 -1.489568807 0.01667699646
76.2181714 -43.12012114 -1.412524777 0.01399502133
76.34196019 -43.28910601 -1.314143116 0.01137073561
76.46574898 -43.44461578 -1.195013111 0.008885747706
76.58953777 -43.58417935 -1.056888017 0.006616163943
76.71332656 -43.70560509 -0.902488971 0.004626941718
76.83711535 -43.80708461 -0.73524034 0.002967697853
76.96090414 -43.88726247 -0.5589905133 0.001670346097
77.08469293 -43.94527278 -0.3777629418 0.000748552196
77.19175348 -43.97727163 -0.2200993471 0.0002518232682
77.29881402 -43.99246434 -0.06421493272 2.196124093e-05
77.40587456 -43.99116993 0.08751262803 4.019897802e-05
77.51293511 -43.97395396 0.2328592151 0.000282082412
77.63032776 -43.93772471 0.3824723393 0.0007703526192
77.76512126 -43.87544015 0.5386365084 0.001566651427
77.92637169 -43.77521736 0.6993530242 0.002763119408
78.16033398 -43.58970581 0.8744311424 0.004763224559
78.38812188 -43.37786275 0.9737508862 0.006767436907
78.55992465 -43.20753992 1.002628413 0.008188621371
78.72280204 -43.04433995 0.9961136802 0.009400679815
78.88567942 -42.88464806 0.9602034899 0.01044623956
79.0485568 -42.7329249 0.8989508625 0.01130696594
79.21143419 -42.59296885 0.8163466739 0.01197822084
79.37431157 -42.4679649 0.7158720763 0.01246727927
79.53718895 -42.36059188 0.6002327391 0.01279173431
79.70006634 -42.27315783 0.4712759004 0.0129780053
79.86294372 -42.20773619 0.3300557615 0.0130598176
80.02582111 -42.16628236 0.1770019277 0.01307651805
80.18869849 -42.15071711 0.01215341094 0.0130711001
80.36376943 -42.16505807 -0.1782680484 0.0130911944
80.53884038 -42.21392603 -0.382196971 0.01318974012
80.71391132 -42.29961232 -0.5986058427 0.01341305054
80.88898227 -42.42410969 -0.8249962018 0.01379628676
81.06405321 -42.58879282 -1.056686012 0.01435976725
81.23912416 -42.79397714 -1.286170071 0.01510761268
81.41537385 -43.04016642 -1.50426058 0.01603695444
81.56381982 -43.27591588 -1.668165615 0.01694449943
81.71226579 -43.53409591 -1.805116415 0.01795578364
81.86071175 -43.81014268 -1.907845429 0.01906476995
82.00915772 -44.09859126 -1.971731041 0.02026906941
82.15760369 -44.39356819 -1.99604213 0.02156652918
82.30584093 -44.68899855 -1.984399017 0.0229478527
82.46062602 -44.99319515 -1.941823077 0.02446315234
82.6154111 -45.28907896 -1.878916422 0.02602147631
82.77019619 -45.57439926 -1.807204824 0.02758111362
82.92498128 -45.84862442 -1.737141423 0.0290959212
83.08449764 -46.1206178 -1.675473704 0.03056183898
83.24401399 -46.38406702 -1.630864258 0.03188457507
83.38141181 -46.6064639 -1.609125793 0.03287475522
83.51880964 -46.82701342 -1.604069058 0.03369602146
83.65620746 -47.0480236 -1.615759668 0.03431626169
83.80110235 -47.28407087 -1.64521019 0.03471209561
83.96756311 -47.56206102 -1.697768467 0.03477632596
84.13639513 -47.85429101 -1.765862806 0.03433267261
84.30522714 -48.15867871 -1.840058067 0.03328911164
84.4791652 -48.48503741 -1.910227252 0.03151208745
84.61969548 -48.75660409 -1.951482091 0.029534268
84.76022576 -49.03241453 -1.969109729 0.02709328295
84.87997387 -49.26786448 -1.959011646 0.02469507955
84.99972197 -49.50048263 -1.921211758 0.02207222477
85.11947008 -49.72676886 -1.852946975 0.01931018492
85.23921818 -49.94300256 -1.753335309 0.01650773407
85.35896629 -50.14547511 -1.623444728 0.01376800011
85.4787144 -50.33071241 -1.466063329 0.01118912302
85.60192309 -50.5000934 -1.279717833 0.008793311552
85.72854451 -50.64890579 -1.067829519 0.006678788178
85.85706848 -50.77148426 -0.8376036156 0.004947213686
85.98559245 -50.86380639 -0.5979353163 0.003662684665
86.11411641 -50.92500535 -0.35411524 0.002830685571
86.22636973 -50.9528018 -0.1414357331 0.002463238344
86.33862305 -50.95687768 0.06806915403 0.002410317446
86.45087637 -50.93773441 0.2718433474 0.002644830279
86.57637472 -50.88981241 0.4898848501 0.00320709798
86.72529529 -50.79864947 0.7307930023 0.004216998527
86.91143774 -50.63719011 0.9967152474 0.005871104193
87.07022474 -50.46343168 1.185461688 0.007504333229
87.22901174 -50.26288035 1.333423113 0.009237822241
87.38779874 -50.04231683 1.437159896 0.01098873039
87.54872859 -49.80565302 1.496466071 0.01271432599
87.70593966 -49.56863299 1.512258599 0.01430435167
87.87083125 -49.32063469 1.489683489 0.01583306261
88.01121128 -49.11442443 1.444763672 0.01700141162
88.15159131 -48.91584075 1.381927356 0.01803382871
88.29197134 -48.72702953 1.30634933 0.01892155358
88.43235138 -48.54945584 1.222493645 0.01965962522
88.58019982 -48.37557434 1.129052503 0.02027412887
88.74297006 -48.20037636 1.023366705 0.02076210345
88.95471184 -47.99836889 0.884595543 0.02112150466
89.11162354 -47.86765489 0.7814129022 0.02121062302
89.26853524 -47.75318739 0.6773678241 0.02117557463
89.42544694 -47.65518438 0.5713358057 0.02104578424
89.56259282 -47.58333621 0.4759028095 0.02088135191
89.69973871 -47.52481672 0.3767815579 0.02069578685
89.83688459 -47.48020691 0.2728747853 0.0205163986
89.95533221 -47.45343126 0.1784470083 0.02038852882
90.07377982 -47.43813357 0.07895691045 0.02030576362
90.17559356 -47.43464201 -0.01110781386 0.02028516871
90.27740729 -47.4405524 -0.1057973427 0.02032372992
90.38399721 -47.45734813 -0.2102990564 0.02043961559
90.4987327 -47.48824121 -0.3293905116 0.02066380635
90.62045027 -47.53642314 -0.4637227725 0.02102773776
90.74735026 -47.60464119 -0.6130358281 0.0215569226
90.87774528 -47.6951338 -0.7766868507 0.0222665949
91.01024773 -47.80965482 -0.9536797636 0.02315853781
91.14275019 -47.94832047 -1.140988064 0.02421026973
91.27728439 -48.11514072 -1.340341554 0.02541563271
91.41411345 -48.31281069 -1.549740839 0.02674162613
91.55652499 -48.54918377 -1.769578008 0.02816710846
91.71658132 -48.85175637 -2.008729214 0.02972970998
91.85343119 -49.13966068 -2.195017861 0.03095113788
91.99028107 -49.45120413 -2.352192343 0.0320047364
92.11060266 -49.7408862 -2.457091009 0.03276443957
92.23092424 -50.04096534 -2.524162943 0.03336375386
92.35124582 -50.34664774 -2.549946676 0.03381689531
92.48228969 -50.68010254 -2.531464156 0.03417517912
92.60973781 -50.99933725 -2.472014802 0.03442398812
92.74336293 -51.32353443 -2.375453948 0.03461092257
92.87698805 -51.63316065 -2.256054911 0.03473922513
93.01061316 -51.92600173 -2.126179668 0.03480941768
93.14678059 -52.20646416 -1.994005148 0.03480831545
93.3013695 -52.50373552 -1.854530992 0.03469210736
93.43568097 -52.74550021 -1.74810928 0.03446698982
93.56999245 -52.97404781 -1.657930289 0.03410431238
93.70430393 -53.19160706 -1.584429497 0.03358495248
93.83861541 -53.40036895 -1.526689259 0.03289168577
93.97292688 -53.60233439 -1.482855487 0.03200906513
94.11143724 -53.80529792 -1.449572238 0.03088634563
94.26154869 -54.02083107 -1.423441597 0.02941290808
94.43175161 -54.2611084 -1.40065109 0.02741028982
94.63377633 -54.54142616 -1.3734986 0.02458505531
94.80452976 -54.77343098 -1.341936918 0.02185683594
94.97528318 -54.99883698 -1.295129765 0.01888809446
95.11683716 -55.17849495 -1.240599741 0.01631678223
95.25839114 -55.34926606 -1.169267273 0.01372330809
95.39994512 -55.50867201 -1.079924123 0.01119012658
95.5414991 -55.65415199 -0.9726261989 0.00880235506
95.68305307 -55.78324387 -0.8487010503 0.006640522681
95.82460705 -55.89375679 -0.7106232694 0.004773578338
95.96616103 -55.98391833 -0.561786509 0.00325324186
96.08906557 -56.0447158 -0.4269456088 0.002238871229
96.21197012 -56.08877426 -0.2898809096 0.001516226219
96.33487466 -56.11599955 -0.1535071784 0.001079969067
96.44116629 -56.12616333 -0.0383289129 0.0009213765293
96.54745793 -56.12430433 0.07243097255 0.0009489381316
96.66067406 -56.10973114 0.183708843 0.001160379358
96.79284633 -56.07745168 0.3025549474 0.001608054203
96.95118881 -56.01947546 0.4260342157 0.002364367109
97.1588155 -55.91721518 0.5517858568 0.003585587318
97.4427796 -55.74443786 0.650717022 0.005383116975
97.63267889 -55.61853735 0.6689650532 0.006505123213
97.8101928 -55.50075663 0.6528848658 0.007416628797
97.98770671 -55.38849892 0.6071778574 0.008158557449
98.16522062 -55.28678215 0.5345901666 0.008716814515
98.34273453 -55.20013284 0.437854501 0.009096610533
98.52024844 -55.13261476 0.3194207166 0.009319665951
98.69776235 -55.08789049 0.1813571428 0.009421079726
98.87527625 -55.06928514 0.02542323865 0.009445901579
99.04710613 -55.07900569 -0.1409603057 0.009445238995
99.218936 -55.11849714 -0.3207604389 0.009469221641
99.39076587 -55.18987191 -0.5115905206 0.009564461021
99.56259575 -55.29474677 -0.7099929539 0.009772278892
99.73442562 -55.4340212 -0.9110117406 0.01012589231
99.90625549 -55.60759214 -1.107908491 0.01064893065
100.1256178 -55.87660477 -1.339715501 0.01158484084
100.2868488 -56.10470348 -1.485451788 0.01247169715
100.4480797 -56.35402953 -1.601912729 0.01352864976
100.6093107 -56.61938693 -1.683645532 0.01475361842
100.7705416 -56.89495117 -1.728489008 0.0161394372
100.9542759 -57.21397294 -1.73713422 0.01789442022
101.1056186 -57.47555592 -1.716063674 0.0194533202
101.2569612 -57.73248953 -1.676967599 0.02108067289
101.4083039 -57.98263571 -1.627679205 0.02273853536
101.5596466 -58.22503348 -1.575765632 0.02438681604
101.7325123 -58.49261278 -1.52158922 0.02620810822
101.8878941 -58.72591925 -1.483482242 0.02774757208
102.043276 -58.95435183 -1.459355033 0.02915828588
102.1986578 -59.18027975 -1.4515185 0.03040654104
102.3540397 -59.40633175 -1.461034492 0.03145673203
102.5094215 -59.63521478 -1.487863287 0.03226807769
102.6648034 -59.86954649 -1.530886716 0.03279204295
102.8544592 -60.16633911 -1.601854104 0.03295818472
103.044115 -60.47799949 -1.686148912 0.03249299012
103.2337708 -60.80605144 -1.772449936 0.03127990916
103.4234266 -61.14944923 -1.845004404 0.02923431629
103.5576318 -61.39947231 -1.877629872 0.02727430722
103.6918369 -61.65236658 -1.886631677 0.0249208974
103.826042 -61.9045159 -1.865559995 0.02223895824
103.943739 -62.12158989 -1.818454296 0.01969320986
104.061436 -62.33144248 -1.742685276 0.01705275199
104.179133 -62.53067525 -1.638108601 0.01440947978
104.29683 -62.71596905 -1.506192597 0.01185641472
104.4163164 -62.88667439 -1.347228826 0.009445676486
104.5384123 -63.04011288 -1.162877203 0.007250392531
104.6625463 -63.17189003 -0.9577233458 0.005360510919
104.7866803 -63.27736213 -0.7399264853 0.003858782535
104.9108143 -63.35527595 -0.514523004 0.00276667096
105.0349483 -63.40497889 -0.2861352975 0.002085772734
105.1407677 -63.42497969 -0.09222855984 0.001819025941
105.2465871 -63.42461189 0.09845582499 0.001823059678
105.3541362 -63.4038407 0.2866888714 0.002081012509
105.4768404 -63.35595901 0.4917929104 0.002651379488
105.6213537 -63.26843248 0.7160334672 0.003638433308
105.8176186 -63.10098562 0.9820941311 0.005385219581
105.9833344 -62.92253149 1.164654666 0.007090049541
106.1490502 -62.71742754 1.30302971 0.008889415455
106.314766 -62.49326634 1.394443413 0.01069256949
106.4914295 -62.24207657 1.440722504 0.01253973993
106.6443944 -62.02119746 1.441598326 0.01402882531
106.7993269 -61.79985853 1.410837627 0.01540090987
106.9542593 -61.58534198 1.354646103 0.01661436487
107.1091918 -61.38107192 1.27963552 0.0176545627
107.2641243 -61.18949008 1.191760119 0.01851334037
107.4190568 -61.01220301 1.095786214 0.01918892057
107.5739893 -60.85018643 0.9950784294 0.01968593799
107.7495736 -60.68573219 0.8776984229 0.02004740825
107.9225139 -60.54411206 0.7597093123 0.02021760771
108.0954542 -60.42311585 0.639045593 0.02023623986
108.2429726 -60.33661935 0.5330811734 0.02016259813
108.3904909 -60.26603199 0.4231519361 0.02003719216
108.5380093 -60.21203202 0.3079722891 0.01989233778
108.6622435 -60.18005895 0.2059003782 0.0197807802
108.7864777 -60.16110042 0.09832004184 0.01970176433
108.8898489 -60.15577087 0.004028683867 0.01967661476
108.99322 -60.16043349 -0.09507870662 0.01970164908
109.1009691 -60.17649122 -0.2039656778 0.01979404266
109.217113 -60.20732457 -0.3282159757 0.01998353076
109.3403818 -60.2563341 -0.4684182522 0.02030133263
109.4688046 -60.32637741 -0.6240643626 0.0207732523
109.6006158 -60.41973504 -0.794230559 0.0214153083
109.7344994 -60.5382338 -0.9776781384 0.0222310715
109.8698168 -60.68364291 -1.173008461 0.02321200985
110.0069537 -60.85855563 -1.379003907 0.02434166278
110.1480621 -61.06839099 -1.595390677 0.02560485834
110.2998917 -61.32820399 -1.825811655 0.02701374335
110.4513478 -61.62136487 -2.042034952 0.02839257598
110.581668 -61.89846907 -2.206388622 0.02949992251
110.7119882 -62.19512196 -2.34045939 0.03049615936
110.8423084 -62.50679145 -2.435586852 0.03136463976
110.9726285 -62.82798505 -2.48599223 0.03210942843
111.1029487 -63.15273088 -2.490284509 0.032750699
111.2423473 -63.49744066 -2.447950491 0.03335210725
111.383976 -63.83867526 -2.36515626 0.03390030318
111.5256047 -64.16613723 -2.255875767 0.03439638981
111.6672333 -64.47709498 -2.134381865 0.03483276865
111.808862 -64.77073581 -2.013190263 0.03518740051
111.9632385 -65.07199688 -1.892462869 0.03544597355
112.0982276 -65.3212066 -1.802590798 0.03553129757
112.2332166 -65.55944477 -1.730163034 0.03545707619
112.3682057 -65.78912905 -1.675828166 0.03519741279
112.5031947 -66.01266001 -1.638753932 0.03472697296
112.6381837 -66.23224671 -1.616985001 0.03402068219
112.785268 -66.46921569 -1.607339148 0.03295408126
112.9580645 -66.74692165 -1.608521686 0.03126849105
113.2034051 -67.14256654 -1.615889704 0.0280197432
113.3658262 -67.40482815 -1.611209467 0.02532272925
113.5081737 -67.63303687 -1.592297012 0.02264250846
113.6505212 -67.85720444 -1.553553166 0.01973152739
113.7928687 -68.07416396 -1.490381442 0.01667931744
113.9166294 -68.25406339 -1.413289318 0.01399677543
114.0403901 -68.42310074 -1.314843349 0.01137198335
114.1641508 -68.57865724 -1.195636084 0.008886573508
114.2879116 -68.71826098 -1.057424274 0.006616663588
114.4116723 -68.83971985 -0.9029322867 0.004627210619
114.535433 -68.94122528 -0.7355870532 0.002967822497
114.6591937 -69.02142179 -0.5592386564 0.001670399892
114.7829545 -69.07944348 -0.3779113606 0.0007485956893
114.8900043 -69.11144931 -0.2201406772 0.0002518535102
114.9970542 -69.12663918 -0.06414891939 2.207934962e-05
115.1041041 -69.1253321 0.08768569176 4.049800619e-05
115.211154 -69.10809363 0.233138526 0.0002826475804
115.3285431 -69.07182531 0.382876534 0.0007713400617
115.4633335 -69.00947825 0.5391794031 0.00156826298
115.6245904 -68.90915049 0.7000590221 0.002765713328
115.8588025 -68.72323177 0.8754762305 0.004769609477
116.0723264 -68.52501912 0.9707071037 0.006652453447
116.2430168 -68.35605552 1.002706646 0.008075700748
116.4068957 -68.19159581 0.9990403248 0.009310052364
116.5707746 -68.0302584 0.9652584526 0.01037817084
116.7346536 -67.87664507 0.9054757543 0.01126009595
116.8985325 -67.73467731 0.8237876822 0.01195005583
117.0624114 -67.60764067 0.7237949449 0.01245461323
117.2262904 -67.49829225 0.6083146382 0.0127910107
117.3901693 -67.40899954 0.4792827154 0.01298563193
117.5540482 -67.34188179 0.3378134114 0.01307244312
117.7179272 -67.29893197 0.1843682729 0.01309127201
117.8818061 -67.28210499 0.01899477672 0.01308579213
118.0573368 -67.29528421 -0.1714563279 0.01310415424
118.2328676 -67.34309393 -0.3755067599 0.01319979817
118.4083983 -67.42785067 -0.5921654464 0.01341969105
118.5839291 -67.55157866 -0.8189769479 0.01379965603
118.7594598 -67.71568994 -1.051299603 0.01436058025
118.9349905 -67.92054032 -1.281650605 0.01510694915
119.1120663 -68.16721639 -1.501261984 0.0160380609
119.2607817 -68.40301038 -1.666024032 0.01694561229
119.409497 -68.66140778 -1.803882507 0.0179572329
119.5582124 -68.93783794 -1.907485138 0.01906674039
119.7069277 -69.22681412 -1.972119667 0.02027169013
119.8556431 -69.5224279 -1.996982249 0.0215699804
120.0045324 -69.81932123 -1.985588155 0.02295608472
120.1595995 -70.12426159 -1.943045986 0.02447309775
120.3146666 -70.42086623 -1.880017091 0.02603340417
120.4697338 -70.70686201 -1.808104057 0.02759511135
120.6248009 -70.98170984 -1.737832666 0.02911182249
120.7842798 -71.25374532 -1.676113321 0.03057636117
120.9437587 -71.51723113 -1.631461243 0.03189765546
121.081142 -71.73968421 -1.609690526 0.03288666096
121.2185253 -71.9602863 -1.604610145 0.03370665655
121.3559086 -72.18134623 -1.616283632 0.03432551638
121.500806 -72.41747282 -1.645724516 0.03471979239
121.6673088 -72.69561915 -1.698289192 0.03478190919
121.8361433 -72.98794054 -1.766370766 0.03433569458
122.0049778 -73.29241594 -1.840530352 0.03328924233
122.1789935 -73.61899903 -1.910650061 0.03150807578
122.3194416 -73.89045753 -1.951776836 0.0295287108
122.4598897 -74.16613858 -1.969268442 0.02708689659
122.5796224 -74.40157006 -1.9590508 0.02468745995
122.699355 -74.63415527 -1.921123454 0.02206376256
122.8190876 -74.86039402 -1.852731003 0.01930131809
122.9388203 -75.07656663 -1.752999406 0.01649890839
123.0585529 -75.27896633 -1.623003544 0.01375962853
123.1782855 -75.46412153 -1.4655364 0.0111815519
123.3015042 -75.63344458 -1.279084166 0.008786362587
123.4281376 -75.78218449 -1.067100143 0.00667278855
123.5566675 -75.90467036 -0.8368071952 0.004942526724
123.6851974 -75.99689117 -0.5970916945 0.003659458036
123.8137273 -76.0579825 -0.3532428694 0.002828981839
123.9259411 -76.08567527 -0.1406364248 0.002462938865
124.0381549 -76.08966454 0.06878682636 0.002411130083
124.1503687 -76.07045231 0.2724741956 0.002646463403
124.2759143 -76.02242945 0.4905702998 0.003209835382
124.4249343 -75.93109523 0.7315820273 0.004221433304
124.6111044 -75.76947086 0.9974333811 0.005876807697
124.7698662 -75.59563755 1.186033066 0.007510280768
124.928628 -75.39503924 1.333844697 0.009243682034
125.0873898 -75.17445536 1.43743719 0.01099425968
125.2483562 -74.93770243 1.49662602 0.01272000587
125.4053949 -74.70092776 1.5122995 0.01430797263
125.5701993 -74.45305873 1.48967332 0.01583557656
125.7105782 -74.24685432 1.444716883 0.01700366377
125.850957 -74.04828098 1.381852176 0.01803580081
125.9913359 -73.85948346 1.306253403 0.0189232353
126.1317147 -73.68192581 1.22238341 0.01966101386
126.2795775 -73.50804525 1.128922463 0.0202752703
126.4423824 -73.33283362 1.023206339 0.02076299563
126.6292591 -73.15305517 0.90074896 0.02109480126
126.7889684 -73.01757395 0.7957849362 0.02120641758
126.9486778 -72.8989066 0.6900491124 0.02118559055
127.1083871 -72.79725969 0.5824170556 0.02106267927
127.2460431 -72.72361988 0.4869860493 0.02090177865
127.3836992 -72.6633512 0.3879649686 0.02071656755
127.5213553 -72.61702402 0.284245303 0.02053445648
127.640783 -72.58868193 0.1895994323 0.02040138521
127.7602107 -72.57193893 0.08988603736 0.02031192757
127.8604648 -72.56730882 0.001774345497 0.02028478045
127.960719 -72.57173125 -0.09076826324 0.02031342464
128.0655843 -72.58654696 -0.1927070979 0.02041476738
128.1789353 -72.61493142 -0.3092562371 0.02061922616
128.2996254 -72.6601298 -0.4411188753 0.02095872346
128.4258063 -72.72496077 -0.5880523648 0.02145999552
128.5557413 -72.81174294 -0.7494556038 0.0221401669
128.6879808 -72.92229894 -0.9243843645 0.02300329815
128.8202203 -73.05668269 -1.109712307 0.02402840881
128.9545298 -73.21890644 -1.307383728 0.02521175128
129.0908681 -73.41125943 -1.515220368 0.02652024371
129.23196 -73.64042378 -1.733178951 0.02792995756
129.3872022 -73.92781744 -1.967372165 0.02945937213
129.5282504 -74.21941793 -2.163710065 0.03074513475
129.6692986 -74.53684538 -2.331388682 0.03186220434
129.7898592 -74.82494373 -2.442237506 0.03265027925
129.9104198 -75.12422629 -2.515991974 0.03327660659
130.0309804 -75.42994504 -2.54862174 0.03375281695
130.159295 -75.75676599 -2.537824729 0.03412303531
130.2916552 -76.08944339 -2.482139179 0.03439497649
130.4286844 -76.42339907 -2.38670776 0.03459448162
130.5657137 -76.74238063 -2.265877397 0.03473120862
130.702743 -77.04383753 -2.133058719 0.03480728626
130.8397723 -77.32694939 -1.999827688 0.03481012822
131.0124446 -77.65856972 -1.844445658 0.03467700501
131.1459394 -77.89764963 -1.73999535 0.03444229176
131.2794342 -78.12385147 -1.651691012 0.03407004716
131.412929 -78.33936776 -1.579835606 0.03354165049
131.5464238 -78.54634067 -1.523447224 0.03284032125
131.6799186 -78.74671817 -1.48065452 0.03195101389
131.8188247 -78.94999317 -1.44788539 0.0308121004
131.9698097 -79.16655176 -1.422069322 0.02931422912
132.1415248 -79.40873432 -1.39929131 0.02727314672
132.3453829 -79.69127137 -1.371536485 0.02439536801
132.514403 -79.92055076 -1.339480993 0.02167611063
132.683423 -80.14320362 -1.292091313 0.01872649448
132.824568 -80.32185599 -1.236734931 0.01615901825
132.9657131 -80.49152889 -1.16456661 0.01357428779
133.1068581 -80.64975567 -1.074460167 0.01105439206
133.2480032 -80.79399841 -0.9665431924 0.008683651937
133.3891482 -80.92182648 -0.8421968207 0.006541455657
133.5302932 -81.03108572 -0.7039265096 0.004695412135
133.6714383 -81.12004191 -0.5551332802 0.003195872816
133.7942115 -81.17995426 -0.4202630024 0.002196954153
133.9169848 -81.22315096 -0.2833157223 0.001489144093
134.039758 -81.24955542 -0.1471965617 0.00106656363
134.1454276 -81.25903793 -0.0328788033 0.0009187920248
134.2510971 -81.25666082 0.07699098749 0.000954125006
134.3649081 -81.24147661 0.1885144157 0.001174074815
134.4979946 -81.20831383 0.3076207896 0.001632994376
134.6577062 -81.14901143 0.4312111947 0.002404284924
134.8688679 -81.04386764 0.5571490718 0.003653991822
135.1100072 -80.89780865 0.6438785675 0.005184259537
135.2998394 -80.77264327 0.6684835752 0.006325229238
135.4796883 -80.65290834 0.6576636926 0.007275410309
135.6595372 -80.53793379 0.6159899763 0.008056098766
135.8393861 -80.43301882 0.5462824097 0.008649172045
135.9974022 -80.352941 0.4641749779 0.009017048943
136.1554183 -80.28725363 0.3644210372 0.009255129273
136.3134344 -80.23862015 0.2485611548 0.009385595895
136.4714505 -80.20947912 0.117910242 0.009437684392
136.6381757 -80.20233926 -0.03467283951 0.009445552007
136.8046856 -80.2217605 -0.2007509771 0.00944792392
136.9711954 -80.26985646 -0.3787552932 0.009488707215
137.1377053 -80.34842192 -0.5662456526 0.009609106804
137.3042151 -80.45876188 -0.7597151984 0.00984479784
137.4707249 -80.60148391 -0.9542452915 0.01022378927
137.6480359 -80.78865768 -1.155212321 0.01080661076
137.8372842 -81.02628138 -1.351946208 0.01164749082
137.9953382 -81.25144843 -1.493083123 0.0125282136
138.1533922 -81.49675154 -1.605710053 0.01357238275
138.3114462 -81.75725431 -1.684808658 0.01477787426
138.4695002 -82.02745791 -1.728442342 0.01613777232
138.6523472 -82.34493286 -1.737175767 0.01788375709
138.8038332 -82.60678013 -1.716224736 0.0194435926
138.9553193 -82.86398559 -1.677169879 0.02107221904
139.1068054 -83.11439875 -1.627864952 0.02273160844
139.2582914 -83.35705083 -1.575901326 0.02438155763
139.4310253 -83.62445119 -1.521739462 0.0262017465
139.5864726 -83.85787485 -1.483573462 0.02774226869
139.74192 -84.08641338 -1.459388382 0.02915404894
139.8973674 -84.31243776 -1.451502319 0.03040333704
140.0528148 -84.53857954 -1.460981677 0.03145449265
140.2082621 -84.76754902 -1.487789219 0.03226669905
140.3637095 -85.00196742 -1.530807576 0.03279137704
140.5532739 -85.29859658 -1.601717737 0.03295821766
140.7428382 -85.61007533 -1.68595696 0.03249452603
140.9324025 -85.93792922 -1.772228713 0.03128389265
141.1219669 -86.28112104 -1.844812968 0.02924168895
141.2562348 -86.53124174 -1.877535097 0.02728246035
141.3905027 -86.7842484 -1.886638384 0.02492928551
141.5247706 -87.036523 -1.865659972 0.02224700102
141.6424699 -87.2536185 -1.818646322 0.01970166882
141.7601693 -87.46350348 -1.742971638 0.01706133139
141.8778687 -87.66277939 -1.638486092 0.01441787191
141.9955681 -87.84812633 -1.50665308 0.01186432619
142.115047 -88.01888139 -1.347775335 0.009453026034
142.2371347 -88.17238108 -1.163500868 0.007256915535
142.3612638 -88.30423425 -0.9584051993 0.005365923866
142.4853929 -88.40978963 -0.7406507139 0.003862949283
142.609522 -88.48779212 -0.5152743134 0.002769522027
142.7336512 -88.53758731 -0.2868993499 0.002087299187
142.8395146 -88.55767274 -0.09290511745 0.001819396892
142.9453781 -88.55737153 0.09787207431 0.001822571118
143.0528894 -88.53667293 0.2860598525 0.002079652633
143.1755354 -88.48889505 0.4911034204 0.002648871696
143.3199592 -88.401528 0.7152722127 0.003634329562
143.5158355 -88.23459982 0.9809834135 0.005376306865
143.6815257 -88.05634115 1.163745606 0.007080063603
143.8472159 -87.85140012 1.302359365 0.008878888297
144.0129062 -87.62736316 1.394033677 0.01068196358
144.1893554 -87.37652915 1.440569689 0.01252757458
144.3423668 -87.15558561 1.441704858 0.01401802821
144.4974334 -86.93402377 1.411118511 0.0153923328
144.6525 -86.71927019 1.355013716 0.01660785135
144.8075666 -86.51476413 1.28002089 0.01764987757
144.9626333 -86.32295855 1.192114672 0.01851019407
145.1176999 -86.14546745 1.096079529 0.01918699119
145.2727665 -85.98327102 0.9952937587 0.01968489361
145.4482816 -85.81883928 0.8779652753 0.02004665235
145.6212195 -85.67717445 0.7599825823 0.02021724928
145.7941573 -85.55613203 0.6393270903 0.02023619786
145.9416982 -85.46958146 0.5333545746 0.02016273044
146.089239 -85.39894349 0.4234190491 0.0200374035
146.2367798 -85.34489627 0.3082346422 0.01989254053
146.3610371 -85.31288507 0.2061559838 0.0197809124
146.4852944 -85.29389167 0.09856882071 0.01970178301
146.5886318 -85.28853595 0.004320947682 0.0196765162
146.6919691 -85.29316441 -0.09473850136 0.01970136213
146.7996803 -85.30917677 -0.203567624 0.01979347019
146.9157943 -85.33995276 -0.3277613027 0.01998256175
147.0390418 -85.38889448 -0.4679095837 0.02029986583
147.1674503 -85.45886142 -0.6235047437 0.02077121253
147.2992526 -85.55213593 -0.7936238589 0.02141265966
147.4331309 -85.67054591 -0.9770290181 0.02222782251
147.5684437 -85.81585967 -1.172321649 0.02320820633
147.7055725 -85.99066534 -1.378282632 0.02433736693
147.8466609 -86.20036626 -1.594632511 0.0256001039
147.9984299 -86.45995487 -1.824986707 0.02700836376
148.1500129 -86.75325485 -2.041454912 0.02838854869
148.2803703 -87.03037058 -2.20593362 0.02949650628
148.4107278 -87.32705772 -2.340140308 0.03049337895
148.5410852 -87.63878349 -2.435401888 0.03136244779
148.6714426 -87.9600527 -2.485925386 0.03210773116
148.8018 -88.28488882 -2.4903078 0.03274939174
148.9412747 -88.62979364 -2.448015519 0.03335127073
149.0829478 -88.97114565 -2.365229919 0.03389973518
149.224621 -89.29871977 -2.255929996 0.03439605804
149.3662942 -89.60978056 -2.134402248 0.03483264407
149.5079673 -89.90351393 -2.013174888 0.03518743655
149.6623394 -90.20476449 -1.892455175 0.03544603718
149.7973277 -90.45397215 -1.802587509 0.03553138939
149.932316 -90.69220893 -1.730164223 0.03545719344
150.0673044 -90.92189247 -1.67583376 0.03519755246
150.2022927 -91.14542329 -1.638763771 0.03472713153
150.337281 -91.36501045 -1.616998873 0.03402085539
150.4843676 -91.60198538 -1.607357033 0.03295423927
150.6571711 -91.87970622 -1.608544265 0.03126855378
150.9025527 -92.27542349 -1.61591715 0.02801909728
151.06503 -92.53777999 -1.611229942 0.02532090476
151.2073637 -92.76596878 -1.592307452 0.02264070763
151.3496974 -92.99011529 -1.553552551 0.01972984059
151.492031 -93.20705293 -1.490370875 0.01667782923
151.6157897 -93.38694722 -1.413265432 0.01399530081
151.7395484 -93.55597795 -1.314805938 0.01137057079
151.863307 -93.7115264 -1.195585743 0.008885268806
151.9870657 -93.85112084 -1.057362281 0.006615506127
152.1108243 -93.97256937 -0.9028604264 0.004626230561
152.234583 -94.0740637 -0.7355074165 0.002967039201
152.3583416 -94.15424865 -0.559153447 0.001669821626
152.4821003 -94.2122586 -0.3778227397 0.0007482204297
152.5891462 -94.24425384 -0.2200539238 0.0002516527603
152.6961921 -94.25943402 -0.06406527778 2.203010925e-05
152.803238 -94.25811824 0.08776527427 4.057536529e-05
152.9102839 -94.24087214 0.2332133921 0.0002828262948
153.0276785 -94.20459294 0.3829578352 0.0007716517076
153.1624777 -94.14223032 0.539267831 0.001568746584
153.3237505 -94.04187772 0.7001551415 0.002766442326
153.5580529 -93.85585946 0.8756079717 0.004771258648
153.7639613 -93.66500768 0.9684688401 0.006588230298
153.9338389 -93.49709672 1.002064387 0.00800991834
154.0982799 -93.33204495 0.9999570078 0.009255870302
154.2627209 -93.16990227 0.967341675 0.01033578414
154.4271619 -93.01534881 0.9083624492 0.01122879492
154.5916029 -92.87237499 0.8271685329 0.01192850799
154.7560439 -92.74432336 0.7274236676 0.01244110476
154.9204849 -92.63399596 0.6120045373 0.01278365254
155.0849259 -92.54379496 0.4828951172 0.01298253719
155.2493669 -92.47586674 0.3412427421 0.01307188047
155.4138079 -92.43222678 0.187527485 0.01309179579
155.578249 -92.4148503 0.02180347038 0.01308634649
155.7540426 -92.42756238 -0.1687328618 0.01310400371
155.9298363 -92.47497584 -0.3729158457 0.01319847202
156.10563 -92.55941985 -0.589764639 0.0134170438
156.2814237 -92.68293274 -0.8168338146 0.01379585534
156.4572173 -92.84694106 -1.049486478 0.01435604927
156.633011 -93.05181347 -1.280232624 0.01510226691
156.8103308 -93.29861424 -1.500256818 0.01603372822
156.9591284 -93.53440531 -1.665240199 0.01694119337
157.1079261 -93.79284647 -1.803333361 0.01795288039
157.2567237 -94.06936496 -1.907162313 0.01906257385
157.4055213 -94.35846801 -1.971991667 0.02026781299
157.554319 -94.65423779 -1.996999192 0.02156650171
157.703372 -94.95146652 -1.985676879 0.02295390729
157.8585169 -95.25657597 -1.943155528 0.02447155575
158.0136619 -95.55334559 -1.880109856 0.02603259037
158.1688069 -95.83949667 -1.80816052 0.02759506511
158.3239519 -96.1144882 -1.737850565 0.02911251476
158.483428 -96.38652184 -1.676131204 0.03057698177
158.6429042 -96.650006 -1.631479534 0.03189820109
158.7802869 -96.87246075 -1.609709069 0.03288715246
158.9176697 -97.09306458 -1.604629283 0.03370708807
159.0550525 -97.31412635 -1.61630355 0.03432588128
159.199951 -97.55025765 -1.645745676 0.03472008169
159.3664583 -97.82841531 -1.698313034 0.03478208733
159.5352931 -98.12074125 -1.76639525 0.03433573118
159.7041279 -98.42522119 -1.84055372 0.0332891169
159.8781486 -98.75181781 -1.910671278 0.03150770856
160.0185915 -99.02326868 -1.951790578 0.0295282644
160.1590344 -99.29894083 -1.9692742 0.02708641629
160.2787661 -99.5343707 -1.959049543 0.02468691605
160.3984978 -99.76695344 -1.921114709 0.02206317869
160.5182295 -99.99318886 -1.852714783 0.01930072046
160.6379611 -100.2093574 -1.752976216 0.01649832338
160.7576928 -100.4117523 -1.622974309 0.01375908021
160.8774245 -100.5969022 -1.465502332 0.01118106008
161.0006437 -100.7662214 -1.27904405 0.008785915642
161.1272777 -100.9149567 -1.067054709 0.006672405227
161.2558079 -101.0374367 -0.8367582207 0.004942227494
161.3843381 -101.1296513 -0.5970403643 0.003659249971
161.5128683 -101.190736 -0.3531902715 0.002828867063
161.6250796 -101.2184225 -0.1405885973 0.002462908838
161.737291 -101.2224066 0.06882939597 0.002411166361
161.8495023 -101.2031904 0.2725112265 0.002646547769
161.9750505 -101.1551617 0.4906101449 0.003209983713
162.1240761 -101.0638176 0.7316274315 0.004221678918
162.3102481 -100.9021835 0.9974747195 0.005877128443
162.4690087 -100.7283457 1.186065819 0.007510617082
162.6277692 -100.5277446 1.333868626 0.009244014885
162.7865297 -100.3071594 1.437452559 0.01099457507
162.9474984 -100.070401 1.496634375 0.01272033279
163.1045266 -99.83364162 1.512300711 0.01430817429
163.2693257 -99.58578063 1.489671579 0.01583571242
163.4097045 -99.37957668 1.444713052 0.01700378534
163.5500833 -99.18100405 1.381846754 0.01803590703
163.6904621 -98.99220744 1.30624685 0.01892332553
163.8308409 -98.81465082 1.222376107 0.0196610879
163.9787045 -98.6407704 1.128914094 0.02027533079
164.1415115 -98.46555805 1.023196297 0.02076304244
164.3283826 -98.2857866 0.900742399 0.02109481938
164.488091 -98.15030713 0.7957787705 0.02120642432
164.6477995 -98.03164137 0.6900433131 0.02118558921
164.8075079 -97.9299959 0.5824115808 0.02106267299
164.9451637 -97.85635702 0.486980543 0.0209017699
165.0828194 -97.79608926 0.387959393 0.02071655813
165.2204751 -97.74976296 0.2842396267 0.0205344481
165.3399023 -97.72142167 0.1895938411 0.02040137924
165.4593295 -97.7046794 0.0898805409 0.02031192487
165.5595844 -97.70004986 0.001767837036 0.02028478094
165.6598394 -97.70447303 -0.09077587731 0.02031343005
165.7647056 -97.71928974 -0.1927160376 0.02041478008
165.8780573 -97.74767546 -0.3092664863 0.02061924887
165.9987479 -97.79287534 -0.4411303929 0.02095875865
166.1249291 -97.85770803 -0.5880651038 0.02146004508
166.2548644 -97.94449208 -0.7494694981 0.02214023177
166.387104 -98.0550501 -0.9243993223 0.02300337809
166.5193436 -98.18943603 -1.109728288 0.02402850281
166.6536533 -98.35166211 -1.307400578 0.02521185703
166.7899918 -98.54401778 -1.515238017 0.02652035885
166.9310843 -98.7731857 -1.733197528 0.02793008093
167.0863287 -99.06058637 -1.967392942 0.02945951048
167.2273746 -99.35218481 -2.163725703 0.03074524008
167.3684205 -99.66960904 -2.33139898 0.03186227695
167.488981 -99.95770808 -2.442244945 0.03265033774
167.6095414 -100.2569909 -2.515996211 0.03327665149
167.7301018 -100.5627096 -2.5486227 0.03375285005
167.8584176 -100.8895334 -2.537822116 0.03412306177
167.990774 -101.2222009 -2.48213546 0.03439498855
168.1278016 -101.5561518 -2.386703866 0.03459448741
168.2648291 -101.8751289 -2.265874453 0.03473121016
168.4018567 -102.1765816 -2.133057318 0.03480728497
168.5388842 -102.4596898 -1.999827947 0.03481012582
168.7115571 -102.7913111 -1.844445384 0.03467700136
168.8450519 -103.030391 -1.739995055 0.03444228732
168.9785466 -103.2565928 -1.651690691 0.03407004201
169.1120414 -103.472109 -1.579835252 0.03354164472
169.2455362 -103.6790819 -1.523446829 0.03284031499
169.379031 -103.8794593 -1.480654076 0.03195100731
169.5179371 -104.0827342 -1.44788489 0.03081209374
169.668922 -104.2992926 -1.422068758 0.02931422289
169.840637 -104.541475 -1.399290679 0.02727314215
170.044495 -104.8240116 -1.371535811 0.02439536805
170.2135151 -105.053291 -1.339480269 0.02167611047
170.3825353 -105.2759439 -1.292090552 0.01872649402
170.5236804 -105.4545962 -1.236734166 0.01615901828
170.6648255 -105.6242691 -1.164565852 0.01357428834
170.8059706 -105.7824958 -1.07445943 0.01105439316
170.9471156 -105.9267386 -0.966542489 0.008683653626
171.0882607 -106.0545666 -0.8421961616 0.006541457964
171.2294058 -106.1638258 -0.7039259059 0.004695415088
171.3705509 -106.2527819 -0.5551327424 0.003195876431
171.4933242 -106.3126942 -0.4202625433 0.00219695842
171.6160975 -106.3558909 -0.2833153505 0.00148914894
171.7388708 -106.3822953 -0.1471962856 0.001066568964
171.8445404 -106.3917778 -0.03287861107 0.0009187976869
171.95021 -106.3894007 0.07699108992 0.0009541309167
172.0640211 -106.3742165 0.1885144643 0.001174081029
172.1971077 -106.3410536 0.307620782 0.001633001078
172.3568195 -106.2817512 0.4312111266 0.002404292544
172.5679819 -106.176607 0.5571489904 0.003654002573
172.809121 -106.0305482 0.6438779476 0.005184267495
172.9975862 -105.9062968 0.6684402437 0.006317453636
173.1775465 -105.7864742 0.6578480664 0.007269332848
173.3575067 -105.6713791 0.6163453737 0.008051717376
173.537467 -105.5663238 0.546755617 0.008646303525
173.695492 -105.4861574 0.4647638308 0.009015098317
173.8535171 -105.4203649 0.3651127531 0.009253965589
174.0115422 -105.371612 0.2493447976 0.009385040304
174.1695672 -105.3423388 0.1187763275 0.009437524178
174.3361742 -105.3350433 -0.03360714482 0.009445558924
174.5027704 -105.354297 -0.1996883489 0.009447827702
174.6693665 -105.4022428 -0.3777205946 0.009488281597
174.8359627 -105.4806808 -0.5652650622 0.009608213921
175.0025589 -105.590921 -0.7588161495 0.009843391542
175.169155 -105.7335759 -0.9534550669 0.01022190764
175.3463738 -105.9205062 -1.154362032 0.01080363444
175.5354347 -106.1577244 -1.351013984 0.01164262505
175.6935276 -106.3828137 -1.492335783 0.01252259034
175.8516205 -106.6280753 -1.605169829 0.01356608532
176.0097134 -106.8885735 -1.684479592 0.01477100467
176.1678063 -107.1588073 -1.728307869 0.01613046132
176.3503538 -107.4757548 -1.737243187 0.01787270614
176.5019333 -107.7377854 -1.71643261 0.01943289914
176.6535127 -107.9951869 -1.677444867 0.02106220553
176.8050922 -108.2457973 -1.628146569 0.02272255385
176.9566717 -108.4886393 -1.576147051 0.02437366888
177.1292071 -108.7557773 -1.522002531 0.0261922053
177.2847568 -108.9893883 -1.483741839 0.02773437124
177.4403066 -109.2180962 -1.459464235 0.02914780658
177.5958563 -109.4442748 -1.451499205 0.03039869499
177.751406 -109.6705601 -1.460920329 0.03145134066
177.9069557 -109.8996679 -1.487694238 0.03226487029
178.0625055 -110.1342249 -1.530704718 0.03279063452
178.2519287 -110.4306056 -1.601526742 0.03295852023
178.4413519 -110.7418079 -1.685680487 0.03249710306
178.630775 -111.06936 -1.771906905 0.0312901895
178.8201982 -111.4122377 -1.844535818 0.02925314878
178.9545619 -111.6625092 -1.877405349 0.02729510022
179.0889255 -111.9156892 -1.886663189 0.02494227091
179.2232891 -112.1681568 -1.865826498 0.02225944483
179.340992 -112.3852865 -1.818952347 0.01971473431
179.4586949 -112.5952222 -1.743420399 0.01707456871
179.5763978 -112.7945652 -1.639072504 0.01443081352
179.6941008 -112.9799942 -1.507364604 0.01187652681
179.8135687 -113.1508265 -1.348615993 0.009464357413
179.9356443 -113.3044208 -1.164456674 0.007266974699
180.0597666 -113.4363909 -0.9594469001 0.005374281708
180.1838889 -113.5420739 -0.7417542105 0.003869404356
180.3080112 -113.6202117 -0.5164163814 0.002773974028
180.4321335 -113.6701471 -0.2880582758 0.002089739345
180.538064 -113.690361 -0.09392964412 0.001820083976
180.6439946 -113.6901607 0.09698997689 0.001821956176
180.7514494 -113.6695714 0.2851115345 0.002077723384
180.8740081 -113.6219495 0.4900664138 0.002645215176
181.0182984 -113.5348212 0.7141305855 0.003628279735
181.213602 -113.3686595 0.9793316024 0.00536314627
181.3792551 -113.1906902 1.162397102 0.007065310176
181.5449081 -112.9859896 1.301368856 0.008863337261
181.7105611 -112.7621349 1.39343315 0.01066630535
181.8866937 -112.5118251 1.440352057 0.01250961843
182.0397709 -112.2907891 1.44187459 0.01400207919
182.195039 -112.0688909 1.411549019 0.01537971346
182.3503071 -111.8537799 1.355573435 0.01659832689
182.5055752 -111.6489182 1.28060638 0.01764309487
182.6608433 -111.4567754 1.192653241 0.01850571804
182.8161114 -111.2789768 1.096525831 0.01918433796
182.9713794 -111.1165092 0.9956230222 0.0196835641
183.1467955 -110.9521059 0.8783690931 0.02004575495
183.3197253 -110.8103767 0.7604000023 0.02021693355
183.492655 -110.6892664 0.639761344 0.02023634932
183.6402285 -110.6026333 0.5337789539 0.02016313811
183.787802 -110.5319177 0.4238365943 0.02003792303
183.9353755 -110.4777972 0.3086479955 0.01989303799
184.0596684 -110.445726 0.2065605363 0.01978129233
184.1839612 -110.4266774 0.09896457203 0.01970197921
184.2872434 -110.4212801 0.004787961487 0.01967652477
184.3905256 -110.4258538 -0.09419299163 0.01970107047
184.4981751 -110.4417933 -0.2029276435 0.0197927239
184.6142405 -110.4724768 -0.3270286741 0.01998118429
184.7374531 -110.521309 -0.4670883981 0.02029769625
184.8658379 -110.5911523 -0.6225998341 0.0207681319
184.9976255 -110.6842921 -0.7926414579 0.02140861218
185.1314948 -110.8025579 -0.9759766936 0.0222228236
185.2667998 -110.9477165 -1.171207102 0.02320233084
185.4039148 -111.1223477 -1.37711111 0.02433071456
185.5449697 -111.3318288 -1.593399957 0.02559272547
185.6966386 -111.59105 -1.823644026 0.02699997936
185.8484323 -111.8845845 -2.040518387 0.02838242113
185.9788508 -112.1617209 -2.205202683 0.02949138266
186.1092692 -112.4584661 -2.339632683 0.03048928771
186.2396876 -112.7702861 -2.435114327 0.03135929821
186.3701061 -113.0916812 -2.485831181 0.03210535669
186.5005245 -113.4166673 -2.490360464 0.03274760931
186.6401243 -113.7618947 -2.448134804 0.03335020083
186.7818705 -114.103441 -2.365360751 0.03389903639
186.9236167 -114.4312004 -2.256025837 0.03439567287
187.0653628 -114.7424311 -2.134439138 0.03483252269
187.207109 -115.0363166 -2.013149531 0.03518750209
187.3614738 -115.3375497 -1.892438373 0.03544606545
187.4964608 -115.5867529 -1.80257442 0.03553139355
187.6314478 -115.8249858 -1.730154758 0.03545717232
187.7664348 -116.054666 -1.675827542 0.03519750575
187.9014218 -116.278194 -1.63876026 0.03472705972
188.0364088 -116.4977787 -1.616997448 0.03402075972
188.183497 -116.7347562 -1.607357075 0.03295409361
188.3563054 -117.012485 -1.608545574 0.0312683031
