0.01 6.281720594
0.03 6.282034526
0.05 6.282665932
0.07 6.283608396
0.09 6.284869977
0.11 6.286441008
0.13 6.288316571
0.15 6.290527106
0.17 6.293047291
0.19 6.295883551
0.21 6.299045754
0.23 6.302500545
0.25 6.306302638
0.27 6.310420059
0.29 6.314848277
0.31 6.319557454
0.33 6.32465178
0.35 6.330059257
0.37 6.335787136
0.39 6.341867526
0.41 6.348287664
0.43 6.354986506
0.45 6.362114708
0.47 6.369500814
0.49 6.377251038
0.51 6.385308523
0.53 6.39374751
0.55 6.402485646
0.57 6.411656809
0.59 6.421127428
0.61 6.430929064
0.63 6.441131899
0.65 6.451661998
0.67 6.462519303
0.69 6.473839185
0.71 6.485469517
0.73 6.497431017
0.75 6.50988628
0.77 6.522662444
0.79 6.535802691
0.81 6.54933837
0.83 6.563295071
0.85 6.577635595
0.87 6.592349955
0.89 6.607510444
0.91 6.623079034
0.93 6.639013129
0.95 6.655461611
0.97 6.672297879
0.99 6.689475803
1.01 6.707204402
1.03 6.725342254
1.05 6.743919846
1.07 6.763020572
1.09 6.782507811
1.11 6.802512562
1.13 6.822977443
1.15 6.843965947
1.17 6.86540871
1.19 6.887361059
1.21 6.909816571
1.23 6.932798128
1.25 6.956297768
1.27 6.980342083
1.29 7.004937485
1.31 7.03008597
1.33 7.055794842
1.35 7.082106065
1.37 7.109070681
1.39 7.136554056
1.41 7.164660435
1.43 7.193371642
1.45 7.222703091
1.47 7.252735482
1.49 7.283413795
1.51 7.314803673
1.53 7.346810164
1.55 7.379633691
1.57 7.413094273
1.59 7.447335518
1.61 7.482281764
1.63 7.517998324
1.65 7.554602728
1.67 7.59195898
1.69 7.630155137
1.71 7.669198953
1.73 7.709128422
1.75 7.749932027
1.77 7.791695029
1.79 7.834383513
1.81 7.878073079
1.83 7.922749668
1.85 7.968459401
1.87 8.015238682
1.89 8.063109889
1.91 8.112146379
1.93 8.162307993
1.95 8.213626063
1.97 8.266203196
1.99 8.320096951
2.01 8.375296021
2.03 8.431820258
2.05 8.489813281
2.07 8.549148873
2.09 8.610180234
2.11 8.672668659
2.13 8.736742438
2.15 8.802562677
2.17 8.870192815
2.19 8.93948034
2.21 9.010815083
2.23 9.084142783
2.25 9.159452732
2.27 9.236858606
2.29 9.316573469
2.31 9.398761411
2.33 9.483257245
2.35 9.570367955
2.37 9.660099114
2.39 9.752888083
2.41 9.848527563
2.43 9.947317172
2.45 10.04940619
2.47 10.15507693
2.49 10.26439419
2.51 10.37770723
2.53 10.49532446
2.55 10.61733193
2.57 10.74410297
2.59 10.87594829
2.61 11.01332577
2.63 11.15654735
2.65 11.30612416
2.67 11.46261005
2.69 11.62646432
2.71 11.7985295
2.73 11.97935862
2.75 12.17007602
2.77 12.37134149
2.79 12.58470331
2.81 12.81128001
2.83 13.05282101
2.85 13.31128981
2.87 13.58894563
2.89 13.88891934
2.91 14.21493825
2.93 14.57167123
2.95 14.96501724
2.97 15.40325208
2.99 15.89801252
3.01 16.46473224
3.03 17.13018894
3.05 17.93278409
3.07 18.94609243
3.09 20.32694846
3.11 22.55454123
3.13 28.05334304
